inf
249.64912614382678
182.4459755065239
178.29349293476207
154.52226982664843
166.90345132829924
164.56151586090076
156.38096467208086
147.9548313674108
141.4383649489907
141.56622842857456
137.35936274826975
135.93802606863954
132.7983787794706
131.71869392302716
128.9116438251857
126.42414655460153
124.30112350384715
125.52713146101789
123.58200886577224
122.15210520193973
121.13043737604009
120.20367283032039
120.75269561671867
120.57092016290638
120.97824872560237
121.4449454268709
121.7374651224942
120.72995245601771
119.6238884773442
122.09261291982806
122.19472065452639
122.04205255985241
126.5948177326681
125.63024977332185
126.08714511642656
125.817401582537
125.94430060759991
125.7344599167413
125.1060123488594
125.67780928677034
124.76151211728475
124.99329217762501
125.19774802162894
125.61306607339111
125.55183697090447
125.73851142019845
124.94137071522324
124.07682377416036
124.34122320960007
123.87014235358039
124.44775140041672
124.61576007254006
123.8384042828448
123.72350943598242
125.21147008991011
124.76981882721398
124.13980758942445
123.76903259299783
123.29177342819386
123.72070444057724
123.49745650695051
123.62547095495592
123.69321470396214
124.5639428235676
124.0334243440712
123.79599190078221
124.07223132267829
124.46610700164862
125.59788579731725
125.14149750993504
125.35298547853752
125.53160836763138
125.06137204940467
124.49796760249087
124.01798011665274
123.48466874522784
123.95311547119502
123.43121954314098
123.27424629537174
123.34804176740731
122.92537119383374
122.78756457914768
122.37083084956357
122.05248655310457
122.30184164602514
122.87485169124434
123.6045998961267
123.14899756340374
123.50780694854173
124.01543065589938
123.87862727707841
123.49819859475146
123.32032810183954
122.95431436933106
122.59685547580175
122.1378607373846
122.87475577872932
122.60223214722912
122.64851324344271
122.25555196346994
122.49710715135251
122.68016227122284
122.85708792158854
123.85845384079855
123.93190510780573
123.71174771162266
123.90294743374015
123.86153454948338
123.75494444111715
123.90822229266173
124.16874170948176
123.9550392999423
124.45860538395122
124.44928063845441
124.7432940900466
124.3858687009698
124.08542461189802
123.74276468861122
123.55132372375488
123.39506328318657
123.35403216030754
123.11975894613354
123.94785412343809
123.62521720102625
123.3453503720538
123.02802809919737
122.75914118594592
122.79107531444247
122.48522938048117
122.49791563807209
122.8022300681558
123.40488885578148
123.19456046194628
123.04371081362392
123.12690375888792
122.83506795688763
123.31355204412583
123.29325115798518
123.42058476008435
123.7183719258
123.47242295842133
123.19052508332945
123.11069959778386
122.95283967401045
123.16718617478327
123.2893343353393
123.42513019371899
124.21535847073812
124.02118461061124
123.82475238488028
124.06530456085734
123.92730757029662
123.79795618302666
124.14996574810482
123.92163740436095
123.81520215792564
124.23778446657258
123.97902180792872
124.27553189787203
124.01899223997425
124.00343405483792
124.13209921082853
123.96154805006671
123.99611661276768
123.82279314810911
123.64689518050089
123.78257431650547
123.9391342087857
123.74129932734256
123.94588067354785
124.01102712329158
124.20594793091944
123.97211776534118
123.73941927797614
123.53620831176872
123.30805263250755
123.18635113000403
123.22057183217903
123.28227375413486
123.12153483049163
123.11498377407959
123.07473956638398
122.99490760531094
123.2351676873257
123.10799332265819
122.89396583474642
122.96178314788868
122.90644504641847
122.78603009516063
122.99013467545015
123.04390014806621
123.17262314764542
122.9673231699017
122.88742032640997
122.76960033533283
122.60066691912324
122.40207068593244
122.33562160976473
122.49169029273176
123.14926384726343
123.20306382506459
123.03433705856101
122.86519200219364
122.69539693987622
123.39012009693225
124.75815916447378
125.10999498231841
125.89946268139775
126.44155151718113
127.3279057537689
127.99260695842084
129.33589051610676
130.61333484609423
131.55759775419935
131.7323261439377
132.1383939678542
132.61626853919955
133.45353060607496
133.94456999575874
133.9540931399803
134.30275290321646
134.35407605509178
134.1907535786558
134.25064673751424
134.46306313112387
134.58232898484454
135.91896631973418
136.71270019612447
137.5762659713404
138.3211704791866
138.95713226931207
139.6740055256226
140.1818574020012
140.7614213604614
141.5830100272868
142.28263107433236
142.81687955750357
143.27147379175892
143.81928536392027
144.42863394181478
144.84930467307143
145.41383848564382
145.93822694485507
146.37044088025667
146.91418065471942
147.39795456048478
147.89166501856843
148.3265276237247
148.8512325845964
149.74472878949388
150.27342438964163
150.62507448536917
151.17728703977613
152.03182716458645
152.4522786255645
152.94205572873787
153.4040132816177
153.82847917868784
154.3635647112142
154.73837625977023
155.27297940232268
155.93096501404125
156.52638067225584
157.10241619407154
157.5556074321087
158.03441014601944
158.37301171483438
158.77171712420215
159.11791309698378
159.49991681900576
159.80928107149182
160.23789862114904
160.619519254838
160.97756186942698
161.41736584984875
161.88931175612478
162.33761734742814
162.82623172557538
163.32017988428697
163.71479715877481
164.02557812576862
164.46495349093883
164.99916620253768
165.3569065794628
165.63377427050565
166.0418791421218
166.30602712705803
166.7625030083241
167.20598548317034
167.70634203894377
168.1618842821734
168.51342693034022
168.96091629006895
169.3950324294747
169.7653961471579
170.1582783863442
170.62621181824838
170.93879814938074
171.5392936325251
171.8538528201425
172.20876548497176
172.70027494413281
173.0338875845706
173.42763283343788
173.87550386065504
174.3058864708274
174.6134271232507
175.06353048859532
175.32241435621043
175.6844404880945
175.89431530196447
176.12146950647292
176.40793073098584
176.81793088267156
177.17406669658084
177.64895109373933
178.12800169019806
178.43007389516993
178.61555285275696
178.75896406461965
178.85499586430788
179.57987375251537
179.96492167141827
180.36307072245293
180.5969633778474
180.81873526606316
180.98573121179473
181.48338656230555
182.0366096410477
182.42247772941886
182.77414345442253
183.0379534419056
183.5035716581339
183.72590756302625
184.13957117277252
184.46128470660767
184.71641338458775
184.95508427049486
185.35931585719018
185.53272916401298
186.13880531932804
186.29637909732483
186.68269577977762
187.0809298639852
187.43685289225428
188.12346288849355
188.322347705267
188.71711544786385
189.00421829283096
189.26570939110925
189.565057735293
190.57830434786604
191.01282782666067
191.11669498825168
191.28264848734707
191.41327081979824
191.61534938786505
191.7663267184195
191.99615347320392
192.20869857078787
192.52560184498068
192.8678025775503
193.07041752451374
193.516318625922
193.66149836218483
193.86621236645252
194.12262193708258
194.77577815454868
195.6382469903779
196.04456721733618
196.4689017445895
196.9059358029876
197.09044563126363
197.21278762346995
197.7218519911341
198.06369839275592
198.59087532954106
199.0029848014367
199.55041263648957
200.1147295111741
200.56616919986732
200.91860145565244
201.35435151465845
201.6008469911277
201.99836346742708
202.1629677576084
202.26595507706597
202.3532992101062
202.3801934160248
202.46661258181263
202.68071379317422
202.8198629536764
202.883356718126
203.0678596926632
203.19428342119627
203.25133302443066
203.29701702180057
203.36953716885301
203.4168552806497
203.51547719716316
203.53137806240326
203.56418266599766
203.75297103413135
203.90200353369568
204.08214114223915
204.3217955996536
204.58160880121702
204.60860711042048
204.67167046599124
204.8941252467146
205.4356473592823
205.85468165048104
206.15390243067776
206.29499462176565
206.40952563623327
206.77258551425427
207.1473076243494
207.3503005403804
207.47139098509513
207.63647408358437
207.9122774108229
208.22764047630244
208.5238636435061
208.849923580361
209.3482007946909
209.8588077041551
210.1740328412155
210.45332104593479
210.8066451006912
211.284452326572
211.546979288449
211.86732602310187
212.15209071920043
212.4329273750968
212.6491793397037
212.95382503292595
213.2064367677829
213.3546816908907
213.59465795219182
213.9094858372132
214.20938400640807
215.1216262276464
215.8503223926841
216.08791504593776
216.31807564312996
216.58973881159326
216.83734738427742
217.03631442800094
217.5227651687526
217.7709995800793
218.10537575785887
218.5119817762678
218.82984868942964
219.59233169879712
220.47429074955207
220.751164767294
221.06069208282977
222.3797409175305
222.9347166752634
223.35686755436413
223.5557263004442
224.09510429273544
224.31716237528033
224.7971569285433
225.02136221577666
225.20380078860327
225.45989814302249
225.63399263657453
225.8763022375215
226.08817936843045
226.30390006190447
226.37523029369478
226.53072737026613
226.7081588974158
226.91001960724745
227.0780394708794
227.20608578833966
227.31713405682387
227.50077421643653
227.62604926779989
227.74928055679626
227.95137745371468
228.07148298525837
228.17408970995336
228.26854473206717
228.333750183302
228.63737048487394
228.85837946261282
229.1186499580755
229.2775664951019
229.44942943915422
229.67056238286617
229.84888234407157
230.04349615512157
230.2252455160135
230.40850262764158
231.11245468621865
231.3139532199782
231.51305623067108
231.72401398001347
231.88854583603984
232.11752453952516
232.39951787473177
232.59007845604955
232.69403548100325
232.92558466752772
233.1011501560696
233.28379898386942
233.42451740205664
233.5267630644082
233.62371401933154
233.76936834797246
233.91631237343242
233.9969913574236
234.10621556345922
234.22991871646403
234.41648226178037
234.63400297077047
234.77699572121523
234.95120771199535
235.1981213338139
235.30692720920706
235.4469537908873
235.6168669701436
235.86907222135108
236.0106867799388
236.24062923616856
236.43263929040904
236.57164752726814
236.77630026002822
236.96322382610106
237.04321268835156
237.20529965024198
237.29064655570676
237.4349286423949
237.53574650186772
237.69348196470725
237.83538517534552
238.13422130467998
238.27843813545692
238.43774858357853
238.60126237670949
238.81134167175944
238.98720394529596
239.10082379411404
239.28035627121778
239.50386492906898
239.64916230735338
239.77139802057388
239.88484715511254
240.03530878967646
240.15407739075866
240.30634218948936
240.4163124634111
240.56447280432278
240.76459500938114
240.94261855428746
241.16018592311687
241.31328387173195
241.49274877818706
241.6215434012569
241.87404513714762
242.17998352612307
242.54541338119523
242.87274432265792
242.97866418464406
243.1105906278427
243.3756592095115
243.48944462056937
243.5662085885934
244.14302954125262
244.30798169455633
244.4895233572001
244.5970906686486
244.69266309645351
244.78263738259517
244.9110943039108
245.02376734803872
245.5221671724153
245.68648981723638
245.77636799624275
246.00667379124366
246.37849544825258
246.51923376817172
246.66622466640183
246.81352848038495
247.01509588276562
247.15356564021883
247.245943472287
247.4038186946683
247.93049401801431
248.08676961157087
248.67197973039225
248.93881647809636
249.254701357109
249.65217739638544
250.15686742540703
250.48438776699624
250.76744733000737
251.0337281940082
251.14228634375516
251.25065889495954
251.3730008275533
251.50645367667042
251.72235403040222
251.85676478812292
252.04059586965934
252.14147807522247
252.24013488609603
252.37222801500837
252.52752834247323
252.5737689507827
252.59920028142233
252.70562310421883
252.8620401133523
252.98147787052014
253.14323542567405
253.29305756080953
253.4714636049773
253.5955296514221
253.7054917406921
253.8785057671103
253.99729710161995
254.1796205492611
254.26286464085794
254.35911465671705
254.4657916049445
254.60794224002908
254.7129640927111
254.82050566895617
254.8675801883806
255.03386541222122
255.09099202732006
255.14034527077374
255.29673664792605
255.40524167369344
255.6016468796307
256.04471793340457
256.2198733862472
256.68816685285964
257.0537280267388
257.1746997925234
257.54423068706745
257.70668348246534
257.86050051988076
258.0047293830807
258.19310524070914
258.4144498030078
258.579506789129
258.720317564563
258.8167098499553
258.94315386999114
259.1339663787668
259.289708272178
259.48570426399124
259.6145681680499
259.86414810910594
260.0116868711086
260.2150299453065
260.401723139157
260.50245762359555
260.71709462819734
260.8866115850813
261.0274365293914
261.1005689197979
261.22522097143815
261.346130354974
261.47363103591096
261.62586465365246
261.76720718319876
261.8631300605773
261.9887638278469
262.1114991425992
262.23022288213224
262.38349218865324
262.466382873594
262.56220363769796
262.723382909732
262.8206218893187
262.95443492149604
263.0607024337226
263.13541180703936
263.2139769248939
263.3446442131001
263.42647542081846
263.61232327849933
263.76715636496726
263.9570237596336
264.11666456064216
264.2839091192812
264.4297102385486
264.63543729162984
264.7924257936079
264.9736497610693
265.26858800213057
265.49309447453663
265.73386406383304
265.9587885888172
266.1685685581459
266.3101937707087
266.42291951028324
266.52179536996874
266.64550644401135
266.8758602174573
267.0522409545344
267.35166837155384
267.5009916336378
267.6262401480043
267.9001034808057
267.98455376532263
268.0880803194157
268.45636985657745
268.600093094282
269.0971322592198
269.2824074178317
269.4059218185626
269.7246872202964
269.85924164827327
270.02614683764915
270.1196668972714
270.2072154050792
270.41342778692325
270.67007725024246
270.74328980818746
270.8622809775258
271.1785908625163
271.2982205440861
271.4266953171626
271.629430210031
271.85887316524554
272.02296258086017
272.209707317965
272.3770358799309
272.5365183427173
272.7685131154694
272.9166829038262
273.1627717673294
273.4323981053041
273.6558589667993
273.86500995699834
274.00915020205036
274.12682229477866
274.3215825619116
274.54889226102836
274.67677278698454
274.87102096746685
275.14160902174746
275.2677049526158
275.3244520399198
275.6267927863797
275.7147099606972
275.8891753402207
275.9828603035673
276.1640859997255
276.25855349427576
276.3667785550045
276.5248951279945
276.65415291284876
276.77055623975747
276.9525877937197
277.0385880750226
277.17497293694447
277.2939834423716
277.43612745801363
277.60186483581816
277.7625206837949
277.8317299939295
277.9426333917034
278.01173176037486
278.1117123515221
278.2068660735628
278.3354704366946
278.41678274162564
278.55059249061105
278.6136216909142
278.7466717590259
278.85287872697796
279.0054598605523
279.1649789148289
279.2567697552255
279.3611590704012
279.63183151228384
279.6868934666278
279.80095838798053
280.02241635855216
280.15791309202115
280.27294212637537
280.34196600836566
280.42043628728607
280.52878894687836
280.6620237802191
280.9118515033479
281.05285367881845
281.14625863400335
281.1568004087375
281.3045586115035
281.4551978010875
281.64945046301364
281.82633733472755
281.983643290414
282.14074769468255
282.42888087690915
282.6396607791792
282.7510015905465
282.8519068855294
283.24505357739883
283.45987726136616
283.65509828564404
283.80738239915075
283.95189389577814
284.0707709113211
284.32293102404486
284.6070529451796
284.8039379874831
285.0123255094598
285.3355576344943
285.5061175176076
285.61509456141476
285.67754834168164
285.92336250131314
286.00720309778427
286.1949787448081
286.2778580171239
286.3359707967806
286.5616335108554
286.68508335833945
286.7100246759141
286.9643595583251
287.11734800357726
287.2332449097545
287.3981305259334
287.5937756733788
287.68152863828277
287.8510865057326
287.96587800549327
288.1156799873686
288.21686602719643
288.42065145347124
288.5878637744712
288.73347968992886
288.84586102290046
289.02604945329335
289.21410513899104
289.40876788965335
289.696728066769
289.90306140773765
290.1848474442125
290.2978717828195
290.81256027711026
291.255214641876
291.52561204101085
291.6173084521195
291.71186309059374
291.824647414246
291.9430710766495
292.0471026780129
292.148572476187
292.28640256039614
292.37013321765534
292.4499236999926
292.57459849296475
292.64089095077946
292.7341973350436
292.91591343719807
293.0327046546879
293.09142074728913
293.30422748592525
293.4687753339136
293.66073308483266
293.95819087223737
294.05149793450886
294.14262619502904
294.2357279911736
294.3441573320665
294.45843742595173
294.5416299803117
294.6014498511924
294.69197884639846
294.723732338338
294.7947269421655
294.8980025421832
294.99106887893583
295.15120837302686
295.2257688235854
295.2951286228709
295.41882245817425
295.51274633793975
295.6334647659173
295.7816249622658
295.8766242725924
296.0314035996861
296.1363274924274
296.24844144298237
296.31989223645263
296.4606317463579
296.6970558160952
296.78273184330595
296.8775931207334
296.96061233402156
296.990556362708
297.07157246397315
297.1580816705825
297.210617201893
297.2700710180332
297.6236285097494
297.84238366986153
297.9565127968476
298.05806795292364
298.2150550260136
298.3221479034962
298.43513562292225
298.502428036732
298.72642595684044
298.85683245703905
298.97412409597314
299.1695938844763
299.3056466871016
299.4256172470325
299.549980486103
299.6613287270616
299.82031182587843
299.8733511633071
299.99245627865946
300.168828611954
300.3150914788285
300.4227703246703
300.52634563809426
300.6102937344738
300.72061930252926
300.8620276115942
300.9967259530579
301.06515989174443
301.1255957021887
301.1589821750385
301.24325004778007
301.39452402921665
301.6759787183528
301.7409427715336
301.83257064075184
301.9516763241868
302.0767439898257
302.18262936064457
302.3039803859018
302.4009661168377
302.46010070214567
302.5831754091156
302.672187040907
302.8023343064433
302.96732814882597
303.202784986961
303.31487976575966
303.6054625037636
303.6761968732486
303.7185827836329
303.8475501073061
304.2542219496188
304.3265089426325
304.5081690760923
304.58948874509497
304.7932003408501
304.9199759095124
305.0868450077684
305.4981458519504
305.5538202530129
305.7969213642944
305.9430574223494
306.16028540468255
306.2814262985023
306.3759284552317
306.4023472966091
306.48977199658566
306.6091565466813
306.7392001704754
306.8220879123633
307.00042774411855
307.18760073101237
307.3292610436905
307.3995745505068
307.55190602884744
307.7240323375238
307.8489534211669
307.91634726595044
307.9452468501539
308.0728345002489
308.24190053450457
308.3963871193886
308.5150371475001
308.691027998792
308.872838199066
309.1289453766386
309.21806005673244
309.30216589280263
309.4094180195339
309.6799159241369
309.88480695696893
310.2211395519754
310.510764835633
310.7002535117278
310.81456884923864
310.91315436610154
311.03742939013466
311.24490255294677
311.4676615884619
311.57910228809885
311.7154651787901
311.8716499106248
312.07153001930044
312.2235314844577
312.54676022055065
312.73656818274947
312.9340084742428
313.12664520710626
313.2374424629118
313.5217596486793
313.6484128154272
313.7692811013555
313.97312154639724
314.1409608277116
314.2839033213288
314.37558165190546
314.4838514323299
314.58401606924053
314.8235827085235
314.9331037291525
315.10229646674577
315.1828157782757
315.2942608111532
315.3684187556897
315.51845006034023
315.6465287033944
315.88063471528756
316.08169635334986
316.3617107232257
316.5034928962136
316.59124932560763
316.69403079853146
316.85754724058114
317.07766399009694
317.3166504780497
317.4108478652066
317.68969218251715
317.8218258029992
318.1038138900242
318.2783039007812
318.4421226788076
319.0250298791056
319.12937771016914
319.39815080387274
319.80587746864813
319.9451296667755
320.2157550351262
320.43379873134234
320.59925159781807
320.7474662292586
320.84611158267506
321.0183739683849
321.1725094357645
321.2778759717484
321.44278996374806
321.6385827613165
321.7653274479449
321.99373484153625
322.18351709569095
322.6434127666706
322.8013580814035
322.8987063589611
323.1186087439257
323.45473722584194
323.6136215177868
323.84143107297274
324.14398140136456
324.4636207585945
324.55890242176065
324.7239278597852
324.9301586316287
325.1178877012425
325.2349100723109
325.4278881952502
325.6209743774463
325.9375461283681
326.0606340991977
326.2053583551125
326.4927577528476
326.74868412420255
327.1059529848593
327.3082214642786
327.470812274491
327.75397973991386
327.95423368184544
328.100279615343
328.26253983651566
328.43563916223314
328.60352519222397
328.74449007865456
328.85796940629984
329.1463958351821
329.3828587609404
329.4576709772423
329.5614309603803
329.71490876012103
330.0166888649221
330.089122188008
330.2743317558328
330.4634158492968
330.55878871261814
330.95019886825384
331.380172755652
331.7498512366761
331.9865956745968
332.1829128432418
332.5790429391415
332.7449438688895
332.8809149247566
333.048357431674
333.20656364167615
333.3997496095405
333.4821028735694
333.60602449432565
333.7874918396918
333.940609255292
334.0675655607893
334.240728109263
334.4885714857642
334.6199226215892
334.85088717621704
335.1585495513074
335.3747487923558
335.55506189410846
335.73138479002006
335.7760054305544
335.9212992285941
336.2132865286542
336.38611361216584
336.50712408800814
336.70318148707554
336.89804385636296
337.1143208125599
337.2333474978093
337.48016030831684
337.6291044959468
337.97154160537264
338.0053121900229
338.16072750753364
338.2659741843606
338.50583334082427
338.6327953042321
338.7685835403284
338.8886365621837
339.12712306641987
339.2072648700342
339.5977475275011
339.7748658740412
339.8670428176466
340.00886200409633
340.42935242170773
340.60507659035744
340.73942883025353
340.85362118097356
341.1551354325116
341.24146645472615
341.60935749257357
341.7795893939398
341.95943568683623
342.1692678490069
342.4517756921826
342.7265363118496
342.8303563673706
343.0562493825905
343.08692362140516
343.2432640927137
343.3089254743052
343.4016621111386
343.70906988250846
344.00203450638634
344.06782870749424
344.26680912542133
344.35072854038594
344.4846547020196
344.8682895401299
345.0103766698111
345.13709372949216
345.41694061644256
345.7045382868615
345.89779264646916
345.99941727817776
346.1481149016587
346.27205809645596
346.4496030031869
346.59095035986974
346.7194363555461
346.89820325173963
347.08239702953597
347.4333256859775
347.6296645356453
347.76728388759847
347.8499494569407
348.01110077407856
348.1927460248466
348.2715866928566
348.43813894873324
348.63175039176355
348.76438963371135
348.94627059897755
349.2396965675893
349.3203958510689
349.5905159518313
349.58443280473676
349.58526746505794
349.74012387604853
350.0160003757724
350.17901408046066
350.5437694895338
350.6316820553474
350.7754869039429
350.8527014929033
351.05731277746946
351.2871637291975
351.3399364956336
351.4832336202487
351.5439993333725
352.0004540923032
352.1286911908527
352.34539017362465
352.3943250624409
352.5038243409242
352.64329207813074
352.7558791365001
352.9846936598041
353.1529824785552
353.5779161535261
353.7645013281514
353.82004012277446
353.88275596994004
354.0750623706643
354.19252211903273
354.3263458797066
354.40539798977017
354.5725357225371
354.6875621948305
354.9900660327345
355.2400721444047
355.3059203623192
355.59551184543756
355.7637519878449
355.9617386202082
356.1770662939988
356.29718094518944
356.4732691284393
356.6061866165354
356.6988272786246
356.7891590680391
356.9488090542067
357.0005477455601
357.3394780913879
357.5392209085364
357.69682494481833
357.8344522852789
357.98379707885823
358.0984664730994
358.1687559978459
358.34086625850483
358.4482055183333
358.56032789414223
358.8808556201401
359.02303221932806
359.28369080845334
359.50480864628497
359.691290564294
359.9262765231804
360.0699339418454
360.37422624175485
360.4721838794936
360.7369063300202
360.9248311359142
361.2374189586748
361.41214150732134
361.6532682118491
361.8088813293447
361.9384695947884
362.0729180022668
362.294282658048
362.5170779304222
362.59073218510815
362.79643232813197
362.98832316395385
363.18326321227704
363.27503953705497
363.41911018476156
363.54300110110495
363.71604027801635
363.8674963362734
363.99500539498007
364.0942115885411
364.4050823924603
364.59103022597566
364.9078069293714
365.0793548403038
365.37470352152314
365.4968303876966
365.6473119082309
365.82523175144473
365.958569747585
366.15387568939144
366.27541791394606
366.3144557991816
366.41642345865654
366.6579228320741
366.89723609427875
367.1080823840449
367.22005299844204
367.4750774282988
367.63779184548014
367.8723213301094
368.04471488680866
368.19839010138895
368.33304314022917
368.4771216927946
368.6191622682213
368.7042017507331
368.81935991607594
369.0912809820854
369.2221275479323
369.3806795468307
369.60523589114786
369.7417148879196
369.8910531428165
370.1118256100235
370.29201783004277
370.40517165357653
370.5101366471958
370.73113084692784
370.8539141723021
371.14113833110497
371.3807826096276
371.4646466747116
371.6691664331939
371.9049952206212
371.9741707193962
372.1400599780006
372.17142165067565
372.292254044713
372.37437343285313
372.6178804667864
372.933631536361
373.20288625142996
373.29468854405434
373.43390579447924
373.6145242415844
373.7247418198986
373.828247071984
373.99326220666944
374.0640607948626
374.15555206735104
374.35791206342867
374.585744490828
374.73515989993854
375.01115360431066
375.16382894644954
375.354348444615
375.59168789560437
375.73674355860305
375.8910709956349
376.03399317959
376.1817170491116
376.38053657151517
376.60959527544134
376.79149152536314
376.9954881972382
377.2839855158114
377.3415298202273
377.58563061566446
377.686094823183
377.9649084519498
378.1893197832173
378.51057888652883
378.70604648300656
379.0037031119797
379.06985181172394
379.1902806885523
379.39435751325095
379.50445543989315
379.62188884945465
380.06499639143243
380.3941350551548
380.59013997786485
380.72601102431923
380.805420433276
381.2184434880868
381.29761484462557
381.4520304051711
381.6407878596851
381.91586503895667
382.14587569508916
382.3488693162163
382.6164773139056
382.88328563055484
383.1109936769115
383.48880885191204
383.5569752766573
383.7239454292003
383.8225935857894
384.0124763440396
384.2156265381709
384.4517317608096
384.50771634390037
384.70238016463986
384.92134343666277
385.1001551513789
385.2806723835858
385.33521470373194
385.8026574197113
386.15166052028314
386.3485295055287
386.4788458227299
386.71262096798387
386.86050802434454
387.0297281312163
387.29793808893083
387.4709095922667
387.6976601591064
387.82436805153253
387.94219925919805
388.12890546529354
388.33070762408397
388.4092889779008
388.586274588772
388.77007297860894
388.847228529299
388.9167224104533
389.0634216192918
389.20571751680524
389.3731001345169
389.500591591601
389.5867381839362
389.6519541248807
389.7504535306202
389.86638858353695
390.1219134483801
390.2027971192948
390.22606235396114
390.4189254019691
390.5875500857769
390.7116603572955
390.7920758787359
390.93550976088187
391.3147581454991
391.43932455639504
391.57628780582303
391.7265455440641
391.9125714694536
392.0024707035965
392.17637089547253
392.2692906146351
392.5561514448355
392.7229252438407
392.98756736504833
393.19814424665407
393.3593449937292
393.57944341043105
393.7213279526389
393.93898044431506
394.0926996467688
394.38265038223784
394.48161171287484
394.9230538571982
395.2197846808658
395.5907568732712
395.60733379060065
395.8707493997815
396.02534776585514
396.249824539063
396.4743272039953
396.85730954394387
397.10427119647227
397.3556668585702
397.5812560602242
398.0428353241313
398.3639063818926
398.58609007288067
398.824915005264
399.01301515116694
399.1383015143755
399.2039074982793
399.3871468552737
399.6218359948754
399.78545781337345
399.88011254190263
400.0034585586848
400.1952374532178
400.327251096365
400.4768108743505
400.8435063390629
401.03668169199153
401.0579028148525
401.16755757904605
401.29155290317277
401.6625623529555
401.7229688932956
402.0863988546556
402.23465417147816
402.56894474535414
402.8110470358801
402.89159697700984
402.97782923539313
403.2906582630176
403.44393812841827
403.5840879449397
403.74495930377503
403.8325031735391
403.98292877224395
404.15202899151535
404.3938887181947
404.53177970947974
404.6409854963474
405.1312879719138
405.58348097815883
405.68993927380916
405.96109384502734
406.09789215685055
406.20185498885274
406.4376250718876
406.6574236501688
406.9438616678839
407.24615695423194
407.4458968872146
407.72216363221554
407.80881632619423
407.9099302789874
408.0212472534452
408.28470660251446
408.3813095653619
408.6752975498739
408.8242302075811
409.0810938896089
409.2441505802426
409.45204661635006
410.17272305733877
410.39384880301105
410.48984594774896
410.62434311082137
410.89046646346253
411.0407895597046
411.2805442815192
411.393140954342
411.58634651029627
411.68213198854295
411.87754379997887
412.0158907339558
412.14924349333694
412.3485102683519
412.4754653201705
412.69938472515486
412.91969528999766
413.06794136975884
413.23374015994983
413.3605432156812
413.5368862047632
413.7115701703148
414.0018072133573
414.1983507429571
414.3236643459746
414.4873423169593
414.72673606946506
414.8163826358798
414.89772684364146
415.08699971532633
415.21280965137123
415.3205891779226
415.41778619781104
415.43170052028995
415.56344206903844
415.6396095513568
415.77166301736366
415.888464899491
416.1547981025664
416.3499160613404
416.8205908014762
417.21037293392675
417.2884256809757
417.3904745961702
417.6171624181412
418.1618561633753
418.34314173906006
418.4771992390289
418.62749014125006
418.9260453005627
418.9811155116373
419.0721656835332
419.2809570957762
419.357174172145
419.49698416335644
419.61081194799453
419.8172969147394
419.9025269910665
420.1989415691721
420.286636440656
420.73878834661303
420.87400513089597
421.0516838667846
421.13861801435576
421.3563391311653
421.5076449277304
421.580659160414
421.77593777817737
421.80719652672565
422.10189576162617
422.58711291972236
422.675852413989
422.7868907328754
422.9001776227923
422.9750196405973
423.24838723746745
423.31116794222976
423.3882588447501
423.4897590896072
423.67923546139633
423.8380007183937
424.05429619655536
424.49161168606844
424.5587980488479
424.7461773078862
424.95578358445107
425.0395931838078
425.04505155896067
425.2321423602369
425.3766471852011
425.47040311972614
425.5176492505325
425.60350109046266
425.7287475434458
425.904628891377
426.0210142467901
426.0134597128477
426.0993847386343
426.2485716360001
426.4054436160907
426.4830113624437
426.62129704825867
426.77891441299676
426.91890497894457
427.2796587050983
427.38319141495367
427.7828613760418
428.1750339200864
428.38532559452017
428.4553875278324
428.5135629198878
428.6873197094452
428.7950653016007
429.04557573288173
429.18519899927986
429.2168678669659
429.25439489767433
429.3794203419978
429.5653950644259
429.79220977274406
429.8724384341329
430.47721179860685
430.52582478181796
430.8762310217666
431.03739657255517
431.17548969804295
431.2192048025223
431.2054603665495
431.20749143524824
431.2425675541177
431.4077883642154
431.49662145254257
431.5730619265018
431.7685515420545
431.84706273133764
431.9112551302852
432.1071810509976
432.5901023782741
432.7603335512004
432.78510524523637
433.2888089335478
433.4705055385029
433.63606801886067
433.77399225981804
434.1456674839065
434.19903858380894
434.3616956910083
434.5026503304393
434.675291339794
434.7588727866631
435.0324248110246
435.1849894527722
435.3944564311597
435.4245622848101
435.6378271545453
435.8894950955559
436.0857914069638
436.22404639921007
436.4780941678223
436.53802933029345
436.84969386558515
436.92278322067034
437.0037845768838
436.9926024271155
437.0225618732566
437.1304524970772
437.2342875262069
437.2220123711253
437.2752745049897
437.49009409139376
437.5483229102778
437.8511836335105
438.3692103517891
438.5984915964499
438.80311210549644
438.95180909872295
439.12523572670057
439.18642676718633
439.4761514200294
439.5331787685928
439.8621068919464
439.89896924246364
440.1025637132916
440.3072342001458
440.44452052680356
440.6538983816501
440.7822059250304
441.1732000000806
441.4169529254189
441.56847272567444
441.80945668397567
442.0445526902104
442.1978494222367
442.65752228129566
442.70177581294485
442.78875116501746
443.04621754074554
443.1831141612844
443.23230697370747
443.40347024583133
443.6940002751843
443.91851121945007
444.1987294422171
444.4795194301043
444.8667051330993
445.2000839315466
445.78789866129785
446.1918738839124
446.3543569374599
446.77886919444956
446.9544992064232
446.9956462553052
447.13235189920937
447.22460250681854
447.5921942619135
447.8771733655634
448.0693194048394
448.55170231189027
448.73783619256153
448.7950881512054
448.86895978260054
449.24787370207514
449.52570787998724
450.11408943288524
450.2167499506402
450.5659462902224
450.9310704335057
451.09789093917544
451.27422379601273
451.5333429338219
451.5896354457331
451.80704394753434
451.9327543493379
452.05620057967735
452.42781929052103
452.61539054719265
452.677268299494
452.7998719327173
452.9672748046767
453.30076569227896
453.6071054057089
453.65282897773943
453.9228419138853
454.0587921630843
454.13275478653793
454.3431289989718
454.6327498090975
454.7520374210034
454.898598710313
455.0137251903444
455.1266917202742
455.3481297129155
455.4700541477202
455.64611876226775
455.87569724758157
456.2854654815918
456.3873917344958
456.5433185834699
456.71367803622775
456.8969947817014
457.0511345240013
457.29883237409683
457.3501881932273
457.407191187616
457.6211745576371
457.71637774719636
457.8077300579777
457.8744317215008
458.03057222319484
458.3757543874402
458.49871452229246
458.6764597603767
459.0600527232647
459.15716679714626
459.1699515677443
459.1776333357746
459.27909477764257
459.40560781915605
459.4347004644399
459.47821195033055
459.5897808950763
459.672293076458
459.68079480761935
460.09781631066045
460.23687525373964
460.276586468582
460.6796379964917
460.8524849436644
461.11105260838843
461.26327852816166
461.4261847250796
461.5917908794855
461.85317179423345
461.88124785567845
462.0405228463983
462.23314836668703
462.4269971920943
462.6133469298211
462.96754023539825
463.35218076630105
463.78190363751406
463.89829606779057
464.00634516256883
464.1589616321999
464.5663947848439
464.73166037408896
464.890360405325
465.01771904696295
465.1880754715425
465.1961846690178
465.2591596215977
465.34445839363946
465.37905074863977
465.5469503659727
465.777434061065
466.0737829597653
466.32750148701757
466.52482569400416
466.7870272744756
466.8048993986951
466.83812651241914
467.072478222414
467.19094938714335
467.44781587284626
467.5294283103554
467.7545198219574
467.7873779277335
468.03254728435746
468.1087439522047
468.1811576952499
468.4817724279028
468.6774669962242
469.1105651623776
469.2228595755912
469.3548493309753
469.61416059936454
469.9929449357964
470.0990413530713
470.284418896912
470.4953442021898
470.8343051510998
471.4900726909878
471.86651253214336
472.1677000434817
472.2794294782593
472.3827373548237
472.7098386337433
472.90408487254894
472.93720353936845
473.2321663858454
473.25898129944846
473.34889252568547
473.60223652196447
473.6953898079971
473.7959169998943
473.86558216972674
473.9904837051235
474.19388451850097
474.4432889506447
474.5464711281932
474.63064516477596
474.6811692924598
474.7861859023253
475.2169381581494
475.3117209253827
475.3933755168746
475.49314143769936
475.6934700458856
475.8111737195849
475.87243900747137
476.20039943090023
476.22225573776365
476.46075428598743
476.5506658375422
476.6442780392393
476.7678617725991
476.9246858286144
476.9948681423804
477.25627176170707
477.34562609025926
477.46107841466227
477.46233708430617
477.63960196375
477.92248671880986
478.1068992843324
478.156984806117
478.26173884409457
478.40093819440153
478.5155925245213
478.57012297865776
478.59321652509556
478.74264282015
478.86075538886104
479.0060233706385
479.0921219217362
479.25533324505955
479.27904810748464
479.5583201171402
479.6367151712652
479.78235192830584
480.0237124168349
480.11397772805003
480.1848154265429
480.33772836747073
480.48122265301055
480.6078262124984
480.88546398823587
480.92983505428003
481.15246900810763
481.2105785426661
481.49024653629726
481.8035578768867
481.92435856024224
482.0814391283734
482.21851484064666
482.2653675722673
482.56280391232497
482.86536318807794
482.8977430722111
483.10312177704196
483.1226648964892
484.0991392294089
484.3858327517697
484.4674541434193
484.513796992413
484.63380111941774
484.5893367806537
484.81930947366084
484.9798389924562
485.1591083854871
485.19021805396335
485.27263909230226
485.32129403277946
485.37647197858666
485.37035390951723
485.3579817615698
485.29864281540665
485.28393557076424
485.3833419652748
485.38650167215775
485.4685899510571
485.57248011914925
485.5122438691
485.638363026405
485.6427836281234
485.567699751731
485.56538838624465
485.58990568143656
485.6092321888946
485.68852839317873
485.79079798650105
485.95215398438756
486.10470606703063
486.23781136899396
486.28953647371105
486.3004706384927
486.48395208459095
486.52562615790566
486.5148981961843
486.5822476544374
486.6137933100668
486.67301698448523
486.676574567405
486.81234374909656
486.9609947453779
487.07681745127366
487.05076890061827
487.19096966407136
487.1803731543021
487.1920367223119
487.30294880307713
487.47033402857346
487.49835673247014
487.5472167234401
487.7252809480896
487.72255333091806
487.7800126185297
487.8470568274178
488.26871017962833
488.3902337483278
488.4850856174701
488.6908576977748
488.9072954230222
489.00569634028864
489.0874039242668
489.56043388727755
489.67796277687347
489.8326434992197
489.9223519766386
490.0921624513826
490.4359825922047
490.52420169365513
490.64495486148024
490.76868891001453
490.9355110556588
491.05410707560276
491.1062745413344
491.2145682132762
491.39059895540754
491.6162630538958
491.6806760470665
491.93102332656866
492.0677907181196
492.2897887948587
492.7337758677369
492.8846998999192
493.1239492177036
493.3994291512668
493.518945509177
493.6377076628246
493.8543516560805
493.9406625572708
494.27638860134545
494.87052528770124
495.15929317990407
495.1624793854795
495.3332397513923
495.50356500647797
495.5844422414239
495.71539224301995
495.8945683429054
495.9248334359843
495.92862041673163
495.96539462008064
496.08991978247263
496.1079475290503
496.2221388232928
496.41621172460094
496.53077325602555
496.58432490075967
496.9233251481693
496.9986023866427
497.1474814808583
497.1448619749618
497.4110575669665
497.50853823914207
497.7463277486045
497.92795075574327
498.13861517627447
498.19571466687614
498.3348964320542
498.5283528435141
498.73065081225013
498.88607197891446
499.05035639052306
499.2669484756027
499.4262281896219
499.52764464528747
499.74353814589847
500.01086563562376
500.60036295396543
500.8867852324961
500.89259745766316
501.0068958622748
501.28105573498823
501.41941907165136
501.50512439195677
501.86746624120593
502.1160661518965
502.30737770744776
502.52554165552687
502.7545491925592
502.96903440225117
503.16588188193685
503.3167357664867
503.4835768382718
503.99872238661806
504.53894620519856
504.6780910247477
504.81062534670673
504.89317524736845
505.0003505537594
505.1408929079688
505.2239666187927
505.4077777468497
505.7998373159419
505.96926517484815
506.0674778486719
506.10878567153316
506.151071970593
506.25884585300435
506.4314157654573
506.45397182220273
506.58829367134837
506.69408715145096
506.98741618595807
507.0612196358327
507.4515529681391
507.7111885711842
507.89979505067834
507.95104154407477
508.2613933294478
508.497311863355
508.55478792309253
508.5550169056394
508.6221823810313
508.8545399018677
508.8977675289662
509.0720229310626
509.1757793661232
509.20582122938777
509.3388611308573
509.6505354557242
509.7587741279826
509.88996189031013
510.10230826843144
510.43743361089145
510.90358000646177
511.25449409825694
511.39496334950474
511.67025115836725
511.8104287615168
511.9255919361057
512.0556410557795
512.3609749019553
513.0399683078608
513.1644909005065
513.6735724988789
513.8345204819627
513.9299792726614
513.9894890792375
514.13903136794
514.3186530175517
514.3285364340276
514.4260089430622
514.5864709487939
514.7252328682507
515.1091719423973
515.2982389297147
515.4741896985632
515.6313199757236
516.0379178875147
516.3445452998931
516.5283639422745
516.8221007407507
516.8680082445189
517.0307919814005
517.1046322639069
517.2302472196776
517.623584382281
517.9181664720194
518.2101340093672
518.4646406979905
518.7070931722526
518.8218106204814
518.8866314411482
519.0420167843844
519.3909934311996
519.5319574838892
519.7429793855878
519.933598327627
520.078664938938
520.1780749094257
520.3017308143662
520.511191154722
520.7043370586518
520.6535771287345
520.9324884470717
521.01424989143
521.0803415714743
521.501682993081
521.7246175962363
521.7463616497263
521.8376010829911
521.8534252193698
521.8945068554062
521.9957498700591
522.1830071405162
522.2868546914025
522.3605496671706
522.5062908257581
522.6198408329259
522.7190969036737
522.744397441026
523.1158183819236
523.4403498576271
523.5765336027799
523.6324475539518
524.0870739046176
524.1173991722403
524.3185185852512
524.4538151654709
524.6823707093204
524.8478677994098
524.8791181560991
524.9188928014069
525.0959497220059
525.5378835548136
525.6474178301901
525.7699468686828
525.8204346887485
525.8589189274445
525.8664207013543
525.9022816473808
526.3597312889888
526.3937227085954
526.4874265737221
526.6893792069461
526.809466025882
527.0084202694878
527.1151109186512
527.2284550446628
527.2385524221377
527.3139958911462
527.4257024040123
527.4962090429648
527.5218405080739
527.6894518202735
527.7549410425781
527.9613863574201
528.0182557095825
528.0648533980208
528.0571135357942
528.1111883099305
528.0946651963136
528.1293016055299
528.1640885947709
528.1872555334661
528.2131557962296
528.3982265820288
528.4760335819113
528.6931523316889
528.797453314508
528.9422205101716
529.0851329243584
529.2682906328472
529.3671748712
529.4937205416677
529.6165471033712
529.7001225205014
529.8344795462376
529.8562646386432
529.9619502436649
530.1163937807468
530.2385524352766
530.3727004227512
530.4177347521783
530.6383957712529
530.9366144579841
531.044291644478
531.221177828544
531.3854527985967
531.4687797236104
531.7041098340956
531.8505351044279
532.0343178874697
532.0365509410768
532.1097845297979
532.3172995362527
532.3799725122394
532.6480711476437
532.7350454763176
533.0333649326992
533.2867338209438
533.3175644737203
533.4283476901595
533.4454675045616
533.6396158647889
533.6277645716756
533.5936359134207
533.7374636085999
534.0526946872192
534.1707268083546
534.2707934649919
534.7237214283028
534.9669979422102
535.078121958083
535.2117115793161
535.310443162035
535.5499291124522
535.873206472762
535.9851969460218
536.0938082418204
536.367568809142
536.5823959161605
536.7549390863868
537.0030134662367
537.2635852498714
537.3449467684496
537.5310149530468
537.7555968948972
538.02871212992
538.2612754443361
538.2364061355935
538.3656260165174
538.4891521500208
538.5444777128073
538.7050911620198
539.0378209554408
539.231917803729
539.3254300357916
539.507620838555
539.6296801050861
539.7265072149937
539.8623647790497
540.1281935744051
540.3678042114099
540.3554431899694
540.7370283464625
540.8414875925249
541.02235209476
541.0256996872058
541.0955107772952
541.2061310998056
541.3426816809731
541.4941071846558
541.5903681879702
541.8955980057732
541.9840390796949
542.034027200348
542.1874334505892
542.286517095881
542.4713981706393
542.546755378633
542.756711905184
542.9147733832708
542.9432951403214
543.1253665752778
543.164219443396
543.3669481885883
543.4713584776131
543.5582621616533
543.6676330081866
543.7518183366822
543.953407798496
544.1563308453992
544.2261319404865
544.3582737872077
544.5797644344441
544.5868573373938
544.8152813387343
544.8378072271977
545.0007772661301
545.0522860113342
545.1592742580211
545.3286473461279
545.3991601596481
545.5805934174467
545.7297272391264
545.9834841174633
546.2464530757175
546.5397659293678
546.8057852904249
546.9627231430928
547.1752610030767
547.33010703949
547.4645722509629
547.662539899037
547.7945952428676
547.9100958271086
548.106483502138
548.261035923336
548.406405482847
548.5412038523455
548.8088853272963
548.8725349873297
549.1350726283183
549.2730283901344
549.4064464438516
549.4887128360357
549.6447276982578
549.6310220781947
549.6887093972865
549.7404976159501
549.7737275130869
549.9603861692757
550.1876667691085
550.4815436465639
550.6860429002928
550.8184765410474
550.962098780139
551.325770952503
551.5889732442358
551.7517885795029
551.8457444860243
551.8717445555503
552.0741868850597
552.2302852761521
552.5188243344373
552.5190569691151
552.7256893128283
552.9458106575937
553.0917429948854
553.1981267876489
553.1972870652775
553.1992242514704
553.8888259799614
553.9509889925579
554.2190131390465
554.3490094975598
554.4229612808098
554.6234327532578
554.7777134173418
554.8767784866341
554.9158333520592
555.0411714640729
555.1186103643231
555.2856219349973
555.496886805338
555.5311233672551
555.5750491268191
556.1517039719507
556.5946721810597
556.8304281932625
557.0198277252478
557.1051506210752
557.1733254734221
557.3526800322592
557.7529568310617
557.8677013827629
558.0541426044356
558.3268008579688
558.3203532846338
558.4891291641841
558.523017644515
558.7084140145087
558.966304173899
559.3214068591734
559.4349457940058
559.5071375966631
559.6224652479565
559.6658557778971
559.7412985836856
559.8261007547402
559.8551842624665
560.0058976905495
560.1746530765638
560.4632482047587
560.8897525098806
561.0337627186324
561.253786397099
561.3598641883774
561.50452004126
561.6769678491956
562.4357198401619
562.7214678517634
563.2008175093536
563.3369924088946
563.42227147228
563.7871046126256
563.9388850634479
564.0725388675498
564.5492134401532
564.5354421327654
564.6852158307156
564.77624071595
564.8929027993
564.9024691569376
565.088905420845
565.1992263900438
565.3201751659345
565.7473452042248
565.9454318276406
566.1262575132321
566.3586680674518
566.5942486990253
566.7557949936412
566.8106572938675
567.2290216723238
567.4116014996442
567.4397047749593
567.5854043234185
567.654360117454
567.7586252617047
567.8657626228857
567.9642723069372
568.5823822817047
568.8735508755567
569.0759020932572
569.1666748002552
569.1714465482193
570.1750233611649
570.3366040394741
570.5131872289628
570.7066943679688
570.8229860946717
571.0834139120639
571.2103912876624
571.3612121216884
571.4722042426852
571.5088670322766
571.6215209160054
571.8882799387678
572.0477395822744
572.2565349803267
572.4500872466822
572.6248140331504
572.8495739205467
573.0362305443988
573.5141939452639
573.6225723625205
573.9237893741265
574.245501801732
574.5281984292964
574.6944382501869
574.7746650353481
574.9549104297587
575.0085260026714
575.2996662707244
575.4754169294281
575.4857360311847
575.7209446729726
575.8777870268153
575.9635403571841
576.2964441646815
576.4982380211455
576.5680339220968
576.6832989670199
576.8044953386193
576.9887851672842
577.1160836310767
577.3722087617282
577.6380002024282
577.7685325099795
577.8353273235253
578.0104141130766
578.0278848382119
578.1932324852608
578.3349532268662
578.48202551664
578.5420358077813
578.7074417354238
578.8376217603758
579.0845533718905
579.2644736526299
579.3081841920969
579.3268885487892
579.4231358218731
579.587754968318
579.5977860700161
579.7690320378883
579.9999593549857
580.0976997920732
580.213473465384
580.22433116565
580.3165731026036
580.3747269597266
580.4495254426154
580.5841274932441
580.7706812585694
581.032401920605
581.4647261331563
581.6980791129023
581.8733246224737
581.9810112156981
582.1463575101408
582.260619916672
582.4383727981652
582.7554626827063
582.9988588161067
583.1382945545944
583.2594156501367
583.5383730409782
583.9074281798661
584.1214674741485
584.8696206030573
585.4464705244197
585.6082680271063
585.8031026567475
585.8156760301557
586.0342342205599
586.3328124068153
586.5403289877785
586.9954685962293
587.5203104787681
587.5710920008328
587.8925773478417
587.9054571005704
588.1036991736952
588.3042506535726
588.5090685863723
588.6455613257756
588.9585777302216
589.2837602771635
589.3291579441676
589.6411000110402
589.75046712418
589.7915486204665
590.0100679110864
590.4524834422076
590.6454879910531
590.8489795896121
590.973329318444
591.1150667430674
591.1986469298332
591.6235055112367
592.0247665111636
592.0847811171059
592.3955630436138
592.5759433963111
593.0264786704142
593.1510550113318
593.4383221304739
593.8664302505233
593.8903931764838
594.1632723491757
594.2512019472839
594.3224312725523
594.5570276695574
594.6645163102927
594.870901104652
594.9910363252699
595.1453588243174
595.3143141741526
595.5141851429345
595.7329535600613
595.7147068902059
595.7417752317036
595.9130379894009
596.1691639173465
596.477185380789
596.5126733445585
596.6740868972836
596.7767220057707
597.2174030049543
597.3410882022675
597.7411462068638
597.7155990868453
597.8068360406475
598.0668868151239
598.2236118073441
598.3145334500545
598.2628784710384
598.2796779120956
598.5488315429719
598.7187313469326
598.8434435516549
599.1815439356621
599.1686600865737
599.6624265191144
599.903473576974
600.0073162658695
600.1013755538543
600.1752943787237
600.1455949121396
600.3104907259846
600.4339110916717
600.5938614832083
600.8828618284311
601.2194466508254
601.4175789189372
601.4726932178371
601.5695031667465
601.9190691782951
602.3456677922189
602.4817767251741
602.6303058451223
602.9950952902119
603.3621761734306
603.7033062939728
603.8814027655852
604.1338033549613
604.3101186161109
604.5149775901525
604.6860906403413
604.8074341436123
605.6172345666873
605.8144455922368
606.0046513022729
606.2342237670476
606.529693809319
606.6435690419368
606.8842841885652
606.9157208385022
606.9942118790973
607.2969572269341
607.4425111151428
607.9851488478974
608.0177040999802
608.4191586674661
608.6758197936513
608.7167756629643
608.7702237010595
608.8929529102822
609.137407553756
609.1723305495461
609.7275569144474
609.9387944827012
610.1451979270056
610.435007204306
610.6619513918761
610.8097084135604
611.0283321658719
611.0669974117877
611.080249526311
611.1091514563605
611.1580047718909
611.4078858231999
611.6124692077818
611.683651835065
611.8771861953624
612.119355178677
612.3375847218471
612.2667467822056
612.2358392966603
612.5370896347284
612.6933688320103
612.7283835036086
612.9516517724695
613.0984545716186
613.3919090212021
613.4040591323558
613.7885256177476
613.817788030373
613.9557440951949
614.1514367886199
614.1546204551656
614.4151293459763
614.5836884675931
614.6735246758221
614.7219518341379
614.9285070996388
614.9026262184694
615.4527315995601
615.5634694657415
616.2412216689333
616.751423484987
617.0282314199814
617.1733013183671
617.4318290083978
617.8881879437654
618.1341171842687
618.2720772444515
618.4668445372761
618.5849336530345
618.8759963674823
619.095826505888
619.4622915728007
619.6207656492074
619.7879543251319
619.9140466029203
620.1745093215242
620.3218883278846
620.5385102201054
620.8228447508727
620.968352319122
621.1684235997943
621.1563991839296
621.086918361543
621.1846921046568
621.3662087864599
621.4609825088604
621.6453478316122
621.8839954834918
622.0200678228582
622.6578255219033
622.7854627623218
622.9852540003952
623.2069771481746
623.4224817130781
623.5637420683563
623.8080076741578
623.9501283716014
624.3292652124844
624.820816807826
624.7981811406404
624.8306797153715
625.0516481496317
625.9300155880074
626.2779455148429
626.2890165783695
626.4098026609627
626.7656981266555
626.9783335663573
627.4170481717686
627.6325299311695
627.8470937361454
628.0493462190778
628.4879510087568
628.9432523190073
629.1671120863311
629.3432436474184
629.8078744579456
630.1202016097762
630.518843129181
631.4994438518395
631.859274723035
632.0176888386302
632.156154800773
632.4978367252509
632.8945469043152
632.8653412172998
633.4242713191776
633.934448280887
634.3604982735359
635.1862813261606
635.4413062755555
635.8548303287139
636.0323697864491
635.933875875835
636.0523270146936
636.6045295009741
636.7700141971252
637.0057259997423
637.3541013768988
637.5177230900451
637.6582312957294
637.8156456055261
638.1103313778436
638.1257541053817
638.353510419726
638.5613331395882
638.9172978010503
638.9099960527185
639.091186478429
639.1785654923077
639.4017633647692
639.5828593483245
639.4923425054499
639.3934368733873
639.7543470478217
639.9386008803242
640.1273159849402
640.6240673011422
641.1447638463358
641.4099328341362
641.6841408775542
642.2894948876651
642.3560050659368
642.4620338325659
642.9279966209183
643.0409058403075
643.1032259553964
643.332275244697
643.6597251791625
643.9321599683597
644.1840467930069
644.4956377920882
644.8545902528966
645.0525190699236
645.0754213470847
645.4218882701745
645.4860745430037
645.6004167302148
645.6233705507246
645.9099689795745
646.1987719415736
646.3048729212
646.41650950455
646.7579964274053
646.9832577793396
647.1622345944147
647.4256526687863
647.4750818564914
647.4857277781734
647.5267489387004
647.6089126198958
647.8375296085604
647.8668311718338
647.8532943456479
647.910188024979
648.7204153301445
648.8894936942115
649.2857738083479
649.30213205122
649.529999357866
649.8275387925296
650.0715516928238
650.7442189368097
650.9941362654783
651.6319072776245
651.7458905972262
652.307688014479
652.5207326779444
652.5654858699761
652.685574157668
652.8804858784274
653.0781926879165
653.1112772386145
653.2703289686776
653.3829026521171
653.3629381488992
653.4273865303743
653.8196640863993
654.0242125751795
654.29079546395
654.5821544538973
654.6852029587035
654.9225198092566
655.08462364055
655.2011176974889
655.4562355305417
655.5268618520664
655.732794918352
655.8145597940079
656.3954400898236
656.5823941155452
656.7568520728969
656.8872561208019
657.0158060596121
657.3788653556652
657.7638045988012
658.0869979523351
658.1281950875606
658.3844398773815
658.9982262223216
659.138175816661
659.3058120571817
659.7015521499936
660.0119278836688
660.0466186707222
660.4158001724827
660.6300279913561
661.0504153767766
661.2311045843028
661.6001402995112
662.0847233386294
662.7679584246872
663.4618989875714
663.7018580680544
664.0921071478637
664.7185765039058
665.2153907899855
666.2591123934694
666.6874872084434
666.9305581594451
666.9263191310835
667.0471141746623
667.6261901812285
668.0158575842703
668.9492938255073
669.2171106842804
669.1980101899361
669.7753204040745
670.0819727110936
670.3666804211355
670.6484073835337
670.8403715808587
671.033876067584
671.3618161174464
671.8748149759073
672.930385756693
673.1964860289263
673.6746043453421
673.8698179321783
673.8879194735279
674.0270210030395
674.2363359368683
674.4093386011368
674.9153827596708
675.26021825186
675.2968419216464
675.4215618266908
675.670506656929
675.7928435281951
676.0068399982099
676.0402590299532
676.2443757528363
676.5836164803379
676.6693476012372
676.6350802841981
676.7529074516584
676.9223732490179
676.9490751506232
677.0412056048029
677.4393925696917
677.9618223598691
678.1360337257843
678.1268025587335
678.2009248756763
678.3433232438051
678.5091788136622
678.6208996902643
678.7091815895486
678.7253847539214
679.1594044847315
679.170258499812
679.6678399739144
679.9060491662852
680.0991646566275
680.1148227083537
680.3448440055689
681.6522787800593
682.0323858360409
682.2729333031235
682.6959194977253
683.2602874327729
683.8138092585785
684.1115698374787
684.4621329440242
685.3434167731366
685.5575688691059
685.9452792934461
686.1994057156517
686.2168077495379
686.2365239263742
686.3107139695513
686.5644145285745
686.6567335581766
686.7058096427826
686.8078251996602
687.0108294355184
687.2382424441934
687.3723392628224
687.4643598890768
687.5418911255199
687.4940682787908
687.5411787312282
687.53353605355
687.5254053606684
687.8872670731208
687.8944235809513
688.3752694843666
688.4716805209155
688.532460133216
688.7336059470133
689.2487688110504
689.3443349806535
689.498824895468
689.8779362171426
690.0609338135802
690.4276582818796
690.6162915700418
690.7451937589284
690.7224010041552
691.3133284401308
691.7630744124739
691.7887991858045
691.8699276489323
692.0717064669072
692.1636611788156
693.4370141552331
693.6626772873913
693.806144646011
694.0257812072377
694.3078622613461
695.3442362483535
695.8779750452942
695.928041742484
696.5506403249306
696.5644255980372
696.8053116074116
696.8714395402682
696.927342786509
697.7139359951765
698.0668865128365
698.1684825512019
698.3134442450067
698.5198051568898
699.2897884255603
699.4430785806736
699.56700206545
700.2520288813241
700.5290315344715
700.5166373551607
700.6861831266473
701.3624472784882
702.4312145216372
702.635973373122
702.8817033189364
703.2836445584537
703.3825929198854
703.6583863646255
703.9960656330175
704.778387668754
704.786117374879
705.1331278179504
705.4980702474617
705.9125462881436
706.4831718889144
706.5971308305488
706.6722828397196
706.7990386892052
706.771697998779
707.0475325275503
707.23259462719
707.2320817160117
707.4970860189155
707.6031824814784
707.8522926426718
707.8157151576311
708.122099711973
708.5716881733174
708.948184002794
709.2536685784556
709.2604264451987
709.3098196190584
709.773237705099
709.7062986293089
709.8301798993314
709.8738051533878
709.8637647564195
709.9616677852467
710.0136837996672
710.0697137942104
710.9485113779758
710.9243093811217
711.0127947083797
711.0056060720387
711.4821290176161
711.8879978985948
712.0112280213499
712.1855517801458
712.2177218593229
712.3131974510029
712.6781455183079
712.7788793844344
713.0471715790001
713.031851850859
713.1508053724281
713.3271806062816
713.7591656343561
713.7470403276297
714.0587208406394
714.1840780956998
714.2408494135029
714.90330517325
714.8744947796132
715.1659355876403
715.5677343601312
715.7840084893792
716.025805701872
715.9716239251724
716.3708293307272
716.4867461181387
716.4589717185315
716.8515232669067
716.8183814925314
716.7509355823838
716.803506921139
716.9259904425852
717.1930549298249
717.2713168288014
717.2758024002786
717.4801468782715
717.919186706705
717.951107537136
718.0757933097652
718.0133397819711
718.0172470419712
719.2172591020127
719.5465376080489
719.9685418740373
720.3647995456322
720.8814508505005
721.0808199475689
721.3789441146469
721.535547287619
721.6236016318846
721.7594907749803
722.0792874479945
722.2315665317349
722.5037532955216
723.219720631433
723.5084431406243
723.8401657932349
723.9475050549746
724.2481642119003
724.3653172799262
724.7039757501824
724.9847282529096
725.115388260785
725.2107099511285
725.3707402747115
725.5279399490843
726.4851789186129
726.9861202328698
727.0896403757635
727.265464741657
727.475851401323
727.5475656102418
727.4571696626602
727.674062943871
727.6809150339193
728.2086214978035
728.2077652590123
728.4620306138858
728.8442672254068
729.117741483489
729.4506917648898
729.6177100223923
729.8794904117672
730.1069101268922
730.4657360847918
730.6154802190041
730.7972190320489
731.0760645282387
731.5052477266773
731.6719266191598
731.9030705964548
732.1480911590616
732.3664144052653
732.3891252793327
733.4390868130532
733.6952142256046
734.1145057175569
734.5572848295791
734.7459484281018
735.0559385280002
735.3960697102767
735.5745932696972
735.9262891009342
735.9369185024307
736.0849050366139
736.2418849377074
736.4172973690017
736.4616760645049
736.5205279845849
736.7192613273743
737.0628698858319
737.0637457681939
737.027647581515
737.3568726241211
737.440897661864
737.4592334417605
737.7108907893831
738.034623621075
738.2003773607931
738.1307772702733
738.4151354109952
738.7033912284986
739.078030619695
739.2333788125823
739.3258665026502
739.6173662005058
739.6913646404854
739.8990878934451
739.9868508776237
739.8957576798392
739.8002565109498
740.4295512798233
740.379948638654
740.4792617339343
740.6344846517554
740.8741464452293
740.8098588759059
740.78649536742
740.9311071153447
740.9769490365173
741.482149213136
742.1795730911226
742.8132664537138
743.4461510736221
743.4175574202491
743.6701220338877
743.7162948373807
743.9962832832425
744.24049205413
744.4820557102787
744.5576157840845
744.4608973600119
745.1752382112019
745.4093660298757
746.4252763324619
746.7905913830438
746.9442956385221
747.4534960051341
747.6633840468915
747.8236143859677
748.0094942078615
748.9369096575062
749.7818197196052
749.9421667083712
751.1498181358736
751.1264576620548
751.6037424196454
752.0708902582811
752.4123855676601
752.4409073106075
753.3468086863293
753.5824564412828
753.7140238840143
754.6994466982931
754.6989329395119
756.152089277824
756.7434936356576
757.130768579104
757.2274149238939
757.8781915118698
758.4295169827805
759.3593240125308
759.3969785289177
760.4253126436606
760.521859205393
760.63332849389
760.7974103550185
761.6023660731986
761.7705668799293
762.1159989710927
762.4153796989191
763.1134833946518
763.464725534646
763.6390788493886
763.76305553218
764.1783175403505
764.5425099913905
764.8232659928932
764.7340200638636
765.0656375822775
765.4773805708218
765.8231436322549
766.4366881773846
766.5673557851753
766.6951506091311
766.8663874125475
766.883128253943
767.4526744733707
767.5365743921974
767.6114376408176
768.0429347355176
768.0596815688615
768.3854687720889
768.6941632015628
768.7192332237196
768.7526973310438
769.1359738313719
769.7076938765421
770.7927032513626
771.0455576833014
771.1574430791331
771.4847862549548
771.8112975708326
772.6867185300449
773.2069908688582
773.424581461768
773.7087196312101
774.0888288094184
774.3745018904898
774.6727918149896
774.8515147241166
774.9338886793332
775.219852031324
775.3657111840266
775.4457071172477
776.1294453724853
776.427492178372
777.026144669174
777.6735718763588
777.6272382948442
777.6868830037716
778.3339390220111
778.5942785298158
779.1915092263408
779.5058683797645
779.9931678792434
780.5662950458228
780.980173897223
782.4046270610745
782.7186921179356
783.1619362856414
783.4036745234986
783.5921631882098
783.8386082294242
785.066868189005
785.2880922455967
785.2373407432171
785.2349854253788
785.3657954063192
785.6746362969553
785.8132129368954
786.0828424349392
786.6026107351676
786.6095988596142
787.2363335648414
787.2798853229166
787.3973665765187
788.2361520394201
788.4810728083877
789.0851328931631
789.3132051426392
789.2695851671969
789.3573762092976
789.9742817925563
789.9264609638905
790.6904199798203
790.6826181591846
791.7481582187559
791.8960713405949
792.084079594359
792.3949533305913
792.3593109722974
792.6012523101011
792.8462671586624
794.2835443404782
794.5963798550875
794.5379740353038
794.6439399378122
794.813507625119
794.8587689792699
794.9188044872053
795.30286817811
795.2875098797188
796.1876970391482
796.8872635294243
797.7551204897918
797.7647203551048
798.57202554906
798.7881199567465
799.6361161290083
799.6910953993103
800.4097774261096
800.651130907079
800.682856506205
800.9790237808502
801.7478351392308
801.9294166938907
802.059065621094
803.124967842412
803.4968129765786
804.6643208794655
804.8397782737969
805.3867523901731
805.6017483101117
805.6090750072296
805.7312823008999
806.0425224926532
806.3954458631792
806.4425120582572
806.5834693117143
807.640632102329
808.1157904158963
808.4910859776761
808.3694122951799
808.5878675327688
808.9068954084829
809.3276462908594
809.8859206735323
810.2422131523242
810.2902582586822
810.2220093708253
810.1883653301832
810.2900313160875
810.2610370318787
811.3240082221687
811.5265124330061
811.4955177967834
812.2355118256181
812.288169152563
812.5948690711333
813.0802969317004
814.1049555088899
814.3089123914244
814.5652874571581
814.5665488797644
815.3695896764785
815.6433847268943
815.5530851262936
815.612506422563
815.656572716322
815.6333398872804
815.6462994469241
817.0421404775855
817.2534020915931
817.6001995387086
817.7745259411458
817.8549211609538
818.3931499120448
818.6628760247622
819.0181383320514
819.3674289607453
819.3491235329634
819.3642841629363
819.7102306405405
819.76882644401
819.9769544730827
820.4475410742813
820.5820893236222
820.6032070139737
820.9967370677059
820.9528224423018
820.825920783067
820.9097567632722
820.8126531601054
820.7432637673066
821.3101137620881
822.1433516450434
822.9176033631775
822.8661200462155
823.286018325818
824.0206097626295
824.0456762757159
824.3046023346054
824.9123513748985
824.9460858242744
825.1960181020628
825.8761488422057
826.5950011145769
826.5124358560553
826.6776952682906
828.0399437815599
828.0237426394857
828.6283125446851
829.2243420673517
829.1166692111008
829.5943781950607
830.1357908598453
830.0549985093788
830.040602882273
830.352357866659
830.6078753295369
830.5028049343758
830.397815970212
830.6076353294354
831.4569265740373
831.2856564030496
831.1897170051583
831.3357934253569
831.3030877338423
831.1518317011981
831.1816206572685
831.0529411165443
831.1483411168253
831.1788839814421
831.0448724084338
830.9310874197995
830.9825773354034
831.2569466465001
831.1323419859975
831.0516357742758
831.2850275511746
831.6251896412948
831.6665639204227
831.9707307058288
832.7584833803085
832.6179556606006
832.5591180190996
832.5750746082748
832.7375693672934
833.0336605370572
832.9656040615401
833.1835923044596
833.54551054931
834.1544230102742
834.4960604058674
835.83963471342
837.186392297043
837.7448283943754
838.0801676422923
838.2662616906146
839.6320964064467
839.7760137943493
839.8228956755372
839.9208439047092
840.2395266660501
840.4186502921189
840.4889545614014
840.5519251966157
840.7583573587059
840.9064160443679
840.9175213671906
840.9782753300955
841.022596080385
841.1865923647041
841.3017916738171
841.3496455509938
841.4726449156807
841.7683994235812
841.8767717215013
842.1667426956699
842.5070567559311
842.9943655884805
844.1168184402917
844.06921619982
844.129008696278
844.6925058594848
844.6572012881458
845.0123580095631
845.4983158636886
845.861753988588
845.8706343661578
847.1932653131342
847.2989132430025
847.6776806480106
847.952976527886
848.3965779024122
848.3231514924099
848.7039761944874
848.8285649840624
848.7559595039457
849.1260961495085
849.5531029813999
849.593702177958
849.5046297536595
849.469188197784
850.8063174494548
851.8342129221336
851.9079554425892
853.3093487181179
853.567848157804
854.1229229471207
854.1204313814395
854.598385458606
854.9775352770439
855.2971886508487
856.0114288680703
856.2018584325399
856.0973866828284
856.0214897050447
855.9332979461522
855.8601685388268
855.8132125795811
856.472567420865
857.1796957832665
857.5080461193935
858.2918423234819
859.2979535968602
859.7364295201947
860.0025482024824
861.1287215025401
861.3621136744111
861.814115986968
863.1215129692638
863.1500458593781
863.5101590589762
864.0220176369054
865.2150746362405
865.7118618386312
866.2096669396435
866.5971163286871
866.7020384284488
867.8568032296499
867.9933836289608
867.8644020833367
868.3955389267529
868.3454451520447
868.7558417032743
869.0616950092743
869.3422553838689
869.6503526713483
870.5153228825268
871.6534920072695
871.90827615227
872.144566683199
872.5723554889926
873.0339820265193
873.0860050911018
873.497566541708
873.7228919106178
873.6858390370238
873.9725897417596
874.0668172237415
874.6036681039151
874.7903971369227
874.8893583270199
874.8073147478689
874.7980230900672
874.7065187222763
874.662733422272
874.6758157779897
875.1143201494727
875.2790431680961
875.4626182130008
876.0057534842136
876.6724207994513
876.6991710639686
877.010595507342
876.9667849929907
877.3723422015084
877.7109995807062
877.6352656958533
877.5490666906054
877.9397794680874
879.2234180529128
880.0430828552051
880.2404109016352
880.3413615382046
880.2644095760044
880.230510945168
880.3875769966959
880.4344615210716
880.3711895296891
880.3805269274035
881.0354776552475
881.9458541128523
882.5472486431707
882.9724746683967
884.1584044214583
884.2670393645092
884.8920415362827
885.1300739728084
885.5630326063177
886.4574772957537
886.6341302128228
887.0121539050543
888.3523602258314
888.9542822890525
889.7390120775307
889.9160185225958
890.0599328527201
890.5310763831022
890.6587904983475
890.6446822951845
891.7315755344225
892.4524987242539
892.8818122227326
892.9896961663688
893.2278190134131
893.2495453831124
893.1778331484819
893.7550032426427
893.8961487143837
893.8634921047516
894.1431250849979
894.2614884079215
894.2042974904715
894.1504072671804
894.1962408741758
894.1427059766272
894.9039795009728
895.0422605732008
895.4979117497076
896.1698106230804
896.2468606655799
896.1123790976138
896.412629581039
896.4546639793011
896.4464030250754
896.5413413877224
896.7734539212324
896.7829246034917
897.072661958998
897.2757788855697
897.2961491089497
897.2735414666707
897.334891312138
897.7650346081666
897.835619400121
897.7341311922821
897.7538673716138
897.8296954268653
897.9880134546838
897.8400793939655
898.1467255995045
898.1223098251259
898.4552283414048
898.4295951115291
898.449790769749
898.4651548468472
898.4925017306929
898.5726804048927
898.7689935391722
898.7668432956546
898.6045860257077
898.7546193150413
898.6703815900688
899.3452883900565
900.6239107862835
901.3232843266564
901.7153464650836
901.9260120737955
902.8466401193821
902.8715272587242
903.2410293935432
903.2134753100185
903.1210619751492
904.3848064886795
904.5133547403152
905.2472538053711
905.522002891741
906.2542194215036
906.2923590656072
906.4513356074166
906.4660535060557
906.8151784611647
907.7307180711774
907.8575444907165
907.9190901601054
908.0729010203963
908.3912514678258
909.3058588408911
910.5763718067627
911.0149200799052
911.0522527587865
911.5910083676772
911.5486866160498
912.0100840707114
912.5521767020758
913.2762867150126
914.3784600854899
914.8045298468124
915.4541196090521
915.7987785819261
916.0661025082591
917.3657067912234
917.4383961127876
917.3674759637897
917.6340249376341
917.5781796202249
918.262668505352
918.3080692922302
918.6954631475104
919.7476298125456
919.6995066650401
920.2912490709664
920.1925192696357
921.281584404354
921.6568859171426
923.0051017748671
923.2581413197483
923.967044047456
924.2523767463134
924.1850740768854
925.4989699829986
926.2122676304348
926.3710066120235
927.6127777362025
928.8665995366138
930.152431899394
930.7069513522525
930.7871025387724
932.0297479371947
932.1664134803352
932.9235008232296
932.8548966329191
932.7644620985685
933.6140986216365
933.8484704335449
934.5748444235609
934.5180358927853
934.6238102316667
935.2901367662331
935.2691532546471
936.5925857848864
937.278436148553
937.3674825677787
937.8303735287376
938.4632324092687
938.8707936843448
939.7175584784677
940.9975267244856
942.1096180567571
943.1075331300844
943.6400988231467
944.9427041895402
945.1605934183449
946.0634472266474
946.3649837220113
947.6488931468185
947.6592547880267
948.3250606836708
948.4287569806689
948.941568277135
949.6691052253924
949.6553642719234
950.4627803601475
951.1246152583795
952.355334690565
952.3998102078318
952.386362302264
952.636220123667
952.9454260784079
953.380785730937
954.1520905832926
954.2145485413444
955.1629502946905
955.7319846024487
955.8260956039467
955.7618275018904
956.0382651813326
956.6085828183138
956.57069486914
956.7634473785192
956.976098627787
956.9023699110893
958.1997543279288
958.5759968399932
958.7507653065251
959.5295046744767
959.5539746727349
959.4180114303211
960.134869476946
960.2200011666912
960.3098994488747
960.4663128504463
960.7845220075931
961.5275390966892
961.4693605660044
961.7120413258309
962.1869852336282
962.2726688793879
962.3470307684796
963.6369023934386
963.8435253692886
964.5912444165036
965.0234741905572
965.2982371703782
965.6405597328893
965.9437024339834
965.8687262704841
966.0887999068341
965.9612474162557
966.5660921939656
966.6715033529522
966.7886418517563
967.0157664358567
967.6256429059096
968.0699944796801
969.0590158494962
969.1894663278395
969.658697061902
969.7826676507875
971.0150633827527
971.4173178465069
972.2971876777019
973.3230262432481
974.4217443193032
975.6494147238736
976.3233044876581
976.8233863425702
976.8910918336755
978.1506268708378
979.1542059529129
979.8378889177312
980.7537315254491
981.6104595953971
982.8769630417498
983.3967687966676
983.5615427847788
984.7571819800246
984.6347346512599
985.8908513773168
986.9805830261243
987.3470873854632
988.591004461527
988.6679223499725
988.8205159153526
988.7387095059219
988.5495236910236
988.4346939988419
988.7353469837548
989.0547891628762
989.5121886347365
990.4845971330801
991.4750086710097
991.5209698855557
992.7969841679887
993.7047846087278
994.9292141786198
995.5321973518154
995.684841637275
995.6775400272086
996.1829461201494
996.9436445658462
998.2247739914939
998.4436058251416
999.7850651044558
1000.4451025505809
1001.6977966835121
1001.923587114515
1002.9462815635603
1003.4706857387905
1003.4288707805619
1003.663882110515
1004.559321926872
1004.5271671973571
1005.836183654672
1006.8770464732546
1007.0968003279575
1007.5405392024059
1008.1665955938616
1009.4765211083452
1010.1678258691107
1010.3249834432844
1010.7176743452029
1011.595884039829
1012.8785809773354
1013.3220290938799
1014.6235937787037
1014.846954450666
1014.9199132628694
1014.9320878835393
1015.9569386023611
1016.9415701239143
1018.2220443669856
1018.7636646473378
1020.0219924983468
1020.1562632892936
1021.2257927599572
1022.5081322624375
1022.4584872054099
1022.3883984214547
1023.5418217459892
1024.6371169631843
1024.56424761549
1025.8223757425983
1026.2332483945274
1026.1602568323567
1026.3553877501
1027.1868711001885
1027.9592540256244
1028.359917570297
1029.6334995423117
1030.0742035256987
1030.3070527903508
1030.6016124028397
1031.2274465612961
1032.02258411162
1032.8701845696744
1032.7537376530831
1032.9469430306203
1033.5808916295427
1033.6207865770943
1034.8333825916304
1034.7523311922564
1036.00843155297
1037.3265953144924
1038.583325596028
1038.7656798490134
1040.1130186539285
1041.4211795414983
1041.459630627067
1042.0046735249352
1042.409833097582
1043.3030061909938
1044.4901662267273
1045.4047857784642
1045.5000928871127
1045.7644709862986
1046.1173979320668
1046.358403131835
1047.6472629060468
1048.9218420411762
1049.383449268493
1049.9117302078505
1050.277825535968
1050.5018079674637
1050.6119617166603
1050.9993914606443
1050.9285709420212
1051.3785970447925
1051.3911312205773
1051.3962081652949
1051.3856513469034
1051.837416359077
1051.6451994459685
1051.557239296955
1051.6994865884776
1051.8034587511986
1052.4399394524376
1053.6526569534692
1053.902686568876
1054.0039562715579
1054.142556004005
1054.199321247406
1054.3318479489194
1054.6541981081818
1054.576503942193
1054.4391116723464
1055.7094445176626
1055.7461811922549
1056.0421445284285
1056.632438197159
1057.057124109904
1057.9443446307703
1058.6860056682415
1059.3290501607753
1059.4584111122144
1059.5807041168962
1060.057164822073
1061.2768015676797
1061.4925915659526
1061.7692275309535
1062.1029143115406
1062.5133120750424
1062.439519195165
1063.6858481485417
1063.7813138303625
1063.894699048612
1065.1546745002356
1065.2206645428046
1066.560365321211
1066.9976849602942
1068.0370486046659
1068.5475009398422
1069.3221792685465
1069.5743467430266
1069.504287092258
1070.7640715342402
1070.8462832797927
1071.01420739227
1072.0322479572374
1072.0538263124822
1073.3250369365842
1074.0657495966507
1074.3648113310446
1075.6637523024638
1076.4994096997984
1077.4898711321332
1078.1020728713434
1078.3349149112623
1078.4738667749555
1079.7640179684404
1081.077121412604
1082.4010872223705
1083.3836542923107
1083.4341795989387
1084.7531682900499
1084.923109375733
1084.808334779841
1085.9566593509273
1086.2208326269981
1087.541444560984
1087.4532515145036
1087.7370269118178
1089.0296077161895
1089.401103586641
1089.555143457828
1090.8695698748832
1091.8279562227817
1093.1071392841259
1094.0550478698428
1094.8238116133884
1096.1242531460916
1096.5310146962277
1096.4815689297998
1096.3822207877483
1097.7160483159175
1097.5854027833936
1098.4689141713427
1099.7189177937219
1101.0569495159732
1101.0301988808494
1102.3091072129207
1103.5782731870813
1104.5225525259998
1105.021075127005
1104.8732468976918
1105.261590867037
1106.5457316783761
1106.4769660263726
1106.5698006500804
1106.8252711125956
1108.0335014977866
1109.1884818803683
1110.5289782376078
1110.8647101276742
1110.8063235000627
1111.165602531037
1111.4634908823803
1112.234101071919
1112.3115504574778
1112.3120061496268
1112.2513928498192
1112.3595017295709
1112.659353466094
1112.513602126994
1113.6661467167448
1114.0598210098321
1115.1372696583019
1116.398741699679
1116.3064319597058
1116.3085301926128
1117.5704600740567
1118.303731874092
1119.578336759356
1120.8434725348077
1121.8554203723222
1122.3677462197445
1122.2910430787435
1122.19883992184
1122.8161662650778
1124.1101394395032
1125.3942940991453
1125.381795799776
1126.6895089570398
1127.9786267358645
1128.22471677671
1128.8496773702473
1129.890338673922
1130.5618721587853
1131.0407068151032
1130.9895419383356
1130.8856300302618
1132.139795632532
1132.5775091383118
1133.0288083237922
1134.3392856124674
1134.1274337846794
1134.6934680140942
1134.6396680874552
1135.9524288521272
1135.9104568662224
1135.7535729871918
1135.6663843244535
1136.6202292501491
1137.908498166144
1137.7491436350015
1138.0293397116718
1139.3268369232644
1140.6123829259614
1141.5258615877613
1142.7479532410853
1142.6207097916374
1142.4620995505134
1143.7571054781374
1145.0310179611001
1145.477437048553
1146.2364863172763
1146.3344000091172
1146.9638364601751
1147.6682332604346
1147.7708403201332
1148.562113508752
1148.9973519353102
1150.2364122761962
1150.1860482443044
1151.4100885802113
1151.9580553218377
1152.286952951562
1152.3210350820702
1152.9275722685338
1154.1766789553933
1155.2067375445092
1155.8998539985907
1156.0360737271212
1156.009796721652
1156.3512031249227
1156.918862823472
1158.168916833678
1159.2294211588471
1159.1492759915714
1159.116766130639
1159.622990909045
1159.7946272682104
1161.029576729598
1161.054376029987
1161.4644715637019
1161.9088033692274
1161.7607669563865
1161.6965687994575
1162.9347865011116
1163.0979057703553
1164.353208893608
1164.5603080857788
1165.5641934544597
1166.4339224465825
1166.3215900129578
1166.38314647685
1166.5212278722272
1167.1292000195722
1168.3580217532633
1169.6033019737872
1170.5159283064004
1170.752302697116
1171.4736876123181
1171.4071057471479
1172.6478002081255
1172.8738786573117
1172.9007466701166
1173.2451249125543
1174.5168338577
1174.4686209614842
1174.4715736342691
1174.74498128806
1174.7935477173926
1176.028969057123
1177.2295317694932
1178.5090704233417
1179.4512133239468
1180.2918130781013
1181.556506239592
1182.367590754052
1182.6555605462627
1182.8621736127502
1183.049592497036
1183.331832846104
1183.5922841789654
1184.1720706915241
1184.1321132032933
1185.2976967544903
1186.5140495756768
1186.5077607181886
1186.419536598694
1187.5258314372566
1188.7154046169392
1189.9530757667446
1189.7488980386197
1189.5777767503414
1189.823868205545
1190.745830591771
1191.9551114429075
1192.649357599267
1192.6600228015516
1192.7642175954722
1193.698592043115
1193.8968802063496
1195.0798810676013
1195.0571012751284
1195.0899997270717
1196.306967918544
1196.9699224586748
1197.2933619063615
1197.2805336490685
1198.46282450269
1198.307984878105
1198.7499113712113
1199.957696762001
1201.1700109954706
1202.3769402125854
1203.5941003912903
1204.1955208327422
1204.3458384424678
1204.404411902153
1205.618006158345
1205.4349072414125
1206.6268824818715
1207.864649842114
1209.1004965336645
1210.3145043088255
1211.5360300297712
1211.6999043292665
1212.0851745430487
1213.3269437448441
1214.327657099684
1215.533149427892
1216.5707560439303
1216.6879533128613
1217.8799855763293
1219.0835842758509
1220.3505812600577
1221.6030986222609
1222.8507403030915
1224.0053300382353
1224.2673678083893
1225.1326127477491
1224.9535329660964
1225.4677782085455
1226.7162653531661
1226.6464077476687
1227.8493426704895
1229.0610290935674
1230.2611246728575
1231.3722435358943
1232.5480606731494
1233.7706116584095
1234.9846492686045
1236.2218430009705
1236.3591931081498
1237.5723480360336
1238.7469554595982
1239.9816690771233
1239.845633932351
1239.7386800764898
1240.0567296786141
1241.018886671158
1241.038048475577
1241.9233019245148
1243.1595472346014
1244.3724775435928
1245.4279517988755
1246.5080576330404
1246.7182290649896
1246.9295086898373
1246.937275020592
1247.7021241491213
1247.91035420204
1248.3454956337052
1249.0710685887711
1248.8993229556709
1249.1778500647931
1249.104846300551
1250.3084144242698
1250.2345614657977
1250.148571147082
1251.3391363726982
1251.8086550522366
1251.681209328327
1251.4961928086375
1252.6852102754833
1252.9077909258003
1252.9524457554173
1252.7854429321537
1253.1728928857626
1253.0271437822587
1254.1767678024307
1255.3472501079739
1256.54492978981
1257.7432936042699
1257.9304891980146
1259.1042794127893
1258.9625957076407
1260.1332118519006
1261.3176776094008
1262.5150842734545
1263.2092507040672
1264.3476648201952
1265.5028377489095
1266.7184934029929
1267.9279120062106
1269.1126976755295
1270.1409643480818
1270.2297210383495
1270.2413330646941
1271.3833601566987
1271.2190614724752
1272.3930286316354
1272.8427984890297
1273.1670781074458
1274.1680199846442
1275.3622207427197
1275.462403600256
1275.3057882029088
1276.4675111952288
1277.5489666044978
1278.7321675052872
1279.0798077917582
1280.253958609057
1281.4235448080456
1282.53283932987
1283.7221052746672
1284.8854647505539
1284.8177923929504
1284.9351952006261
1286.0259879403873
1286.8103180783419
1288.0183513428453
1288.0459147181552
1289.2221182525043
1290.425518083422
1290.4560876020041
1291.630688321956
1292.4178453629681
1293.594697321353
1294.7686813386213
1295.9467356857022
1297.151221123634
1298.3205451748797
1298.6826367719814
1298.5774300149192
1299.7834381522084
1300.9477611460177
1302.128340080285
1303.0691359255604
1304.2386844668247
1304.4091912655579
1305.3593433432222
1306.5417580447968
1307.3721945843288
1307.5802797184422
1308.1758181013709
1307.9359048535694
1309.0740758375985
1310.2197550206604
1310.0245874973673
1309.8110880288061
1309.7302452210934
1310.407307117804
1310.2721056528771
1311.3861934643662
1311.462877038981
1311.4132063413304
1311.473409943023
1311.313163159829
1311.0835303087083
1312.2523340818002
1312.0480719888326
1313.149174197375
1314.3040556236272
1314.5594443216053
1315.4018174436967
1316.5331621674554
1316.338857626349
1316.209601374959
1317.3424238803461
1317.3781164338343
1317.6480485710315
1317.8435454263822
1318.310993074857
1318.277929740949
1319.1042425630844
1319.8734743165332
1321.0069970689212
1321.3248284775034
1321.8640865839034
1322.2887441198686
1322.4577427993559
1322.3165797450054
1322.2912342491022
1323.4761785078354
1323.4430541909144
1324.6513303988363
1324.7113566496619
1324.6116155488733
1325.8278029422909
1327.0389040675086
1328.2065216634487
1329.3682822702938
1329.941842875934
1329.9781950387446
1331.1591557248228
1332.274802099554
1333.4333111307665
1333.880808785526
1333.7992101008444
1333.649018506045
1334.7815240433931
1335.72802073516
1336.1665250371316
1337.0351433616956
1338.176666231993
1339.3324572318102
1340.513134870142
1340.4734360956238
1340.268543288526
1341.3667634779338
1341.6292612782477
1342.8162382416128
1344.0055693464567
1345.0803162311734
1346.2416312490939
1347.4440102056828
1348.577961978276
1349.7891552999752
1350.97514606387
1351.5342194657858
1352.701566350098
1352.5829032174001
1352.6505359202554
1353.8343885914696
1355.0389713500206
1355.7491285741012
1355.6273860008696
1355.8833633543766
1356.3825978395046
1356.7394938202428
1357.6509321828064
1358.8284616492406
1360.0131452979742
1360.7060894151455
1361.1900168645839
1362.3494734317844
1363.511992811728
1364.6837830421268
1365.8563180786425
1365.914105484104
1367.1157950481065
1368.2535515136808
1369.1703004796827
1370.321116812431
1370.8757070229888
1371.5018784274519
1371.6237387979077
1372.5095127279128
1373.6699859902942
1374.8306531135079
1375.0587609158947
1376.242786278849
1377.403574549841
1378.60454210454
1378.844745302902
1379.9991866764924
1381.1501573651367
1382.3116276779144
1383.2472994761883
1384.408349979801
1385.5442448274923
1386.6976419763112
1386.631215210333
1387.7963393568223
1388.9215944050682
1390.0566294709208
1390.4634425338907
1391.5898219782125
1392.7362403711352
1393.909005414394
1393.831750043
1394.9611139286092
1396.1095170527221
1397.2339488019995
1398.3685142345253
1398.580288502647
1399.7232830746475
1400.8634441623858
1401.203811856108
1402.2950750065236
1403.454287214628
1404.6074460250948
1405.7655278755851
1406.8974296883248
1408.022948767229
1409.1744378385597
1410.340429887074
1411.5122404363685
1411.3250086599282
1412.026401746589
1412.3077529810141
1413.4459347923482
1414.5813141046085
1415.747883632145
1416.3517615325331
1417.4989195500495
1417.7893327042914
1418.9536147499837
1420.0945828958024
1419.8167351629322
1419.8001347785935
1420.9639487207419
1422.1030513774647
1423.247230737837
1424.4079224552697
1425.5625826581584
1426.706060783847
1427.8296344139837
1428.9505903942008
1430.0232951917221
1430.7539795726361
1431.8638729693123
1432.9967957551073
1433.827439596051
1433.718103755758
1434.8426165215383
1435.8028186932172
1436.3771026309698
1437.4678867129237
1437.711530330158
1438.1703048904508
1439.2328420577605
1439.100834114502
1439.816722242353
1440.927813968322
1442.0496264218773
1443.1704218660436
1444.2630288781463
1445.2787093744337
1446.4155687971104
1447.5516956976028
1447.5826537168534
1448.7284966326022
1449.8731922288423
1451.0075533335755
1452.161204853697
1452.9132726134571
1454.0611929520592
1454.3358136753875
1455.4372460066534
1455.3453497817086
1455.3317938861226
1455.177607222897
1456.3060737697062
1457.445031014012
1458.2034068061605
1458.0333931012683
1458.669285492668
1459.7938172469685
1460.9199108293878
1460.9016715194812
1461.4095167087107
1462.1233942342467
1462.1129169674998
1462.64041132942
1463.7846825022793
1463.5757740444599
1464.7566001267628
1465.8725065437363
1466.2131187319308
1466.9230230202545
1468.0385705707301
1468.992625285267
1470.1331878107035
1471.26859315359
1472.3618778596401
1473.4928286490285
1474.1105544897068
1474.7528614902303
1474.5755690862743
1474.4338522965718
1475.0919469773478
1474.855966636323
1475.2384235073437
1475.620324103382
1475.467179292241
1475.494362916509
1476.5910526642408
1476.5316969409573
1477.6427121220001
1477.4069988976833
1477.138519938643
1476.882803252782
1476.8359578627924
1477.3591901543352
1478.4527085773532
1479.2669770637215
1479.2647331933517
1480.3564309863323
1481.4586016398323
1481.6646438873208
1481.6743505176478
1481.6823795114994
1482.7360953005445
1483.1640556452571
1483.009305289743
1482.906847415553
1482.8173695311891
1483.4044331716561
1484.1619431967918
1484.6231570373254
1484.47137716165
1484.3896190787277
1484.961365451125
1486.0805108669588
1486.568809812766
1486.3734033046653
1487.4922755364444
1488.5311672830642
1489.2574622682432
1489.4156656406135
1489.4309905999942
1489.651338762778
1490.669435093624
1491.0598592503295
1491.2366008195143
1491.5927164611587
1492.4306846198847
1492.495772861255
1493.5739309145615
1494.6454913233295
1494.9645664530326
1495.2887367879057
1496.3885763407711
1496.2540464412923
1497.094921110431
1497.151841011031
1497.8682732524321
1498.5693630697858
1498.6938591259513
1499.7816673576372
1499.6333656383968
1500.7302602457487
1501.8294626222012
1501.6370773832184
1502.750709427837
1502.9084486672411
1504.0171107812764
1504.610570343297
1505.6884986427494
1506.5599628455798
1507.402390998364
1507.2624329817306
1507.3432930714507
1508.2349945632368
1509.0045743240978
1510.1295835086416
1510.1565049541816
1511.2747066997417
1511.622595372257
1511.6574801437357
1511.9439454235835
1513.038964061102
1513.5179937159066
1514.487328545476
1515.5951159796018
1516.4553639491196
1517.5214665395695
1517.6817345377012
1518.751139550129
1519.4224054131673
1520.5150323295977
1521.5979289315633
1522.7082730356356
1522.7252089996653
1523.7928879409071
1524.8817290359605
1524.9719328632475
1526.0592565254954
1527.1600537439926
1528.2480078520966
1528.3479444090183
1529.4525334628215
1530.5495497720851
1530.5698042640136
1531.6322015636756
1532.2151410604677
1533.2862076312615
1534.3785707879454
1535.448933837364
1535.6398867517253
1536.7138952830053
1537.108900202976
1538.2033109204372
1539.2817799972836
1540.3384940892001
1541.4668693927276
1542.5636913839226
1543.6435064482093
1544.733353192032
1545.6997930095451
1546.149138204673
1547.2653131334423
1547.6962194940672
1548.7793953954272
1549.8641135734597
1549.6926019409475
1549.908808491375
1550.8702696950572
1551.1951820194734
1551.2128340490874
1551.456044899567
1552.5571368262006
1553.642800151534
1554.7247475149295
1554.9175230965673
1556.0020850105352
1556.0079096061684
1557.094868266954
1558.1344556897093
1559.212081908241
1558.9626580911035
1560.0336458471345
1561.0933919855777
1561.4457048016639
1562.4870102955456
1563.5526021217527
1564.6188479339874
1565.725807164374
1566.7984264340303
1567.8714422112714
1568.6877461383267
1569.7219127028866
1570.8217338703748
1571.8699868075448
1571.6476111488469
1571.4698320565428
1572.5338828368072
1573.6104808639143
1574.6991649959202
1575.78381580826
1576.8452243112856
1577.9458132817692
1579.0323646745678
1580.076675848243
1579.870463403199
1580.9416983019605
1581.0959651613975
1580.951173452046
1580.7044099224797
1580.4579426846747
1580.2757701065716
1580.0937244961558
1580.0339178807606
1579.816847485615
1579.7950505243484
1580.1232893448407
1579.8597749398589
1579.6507184855257
1579.4308800469892
1580.1392296728777
1580.4609107653632
1580.2278446332034
1580.0384966944237
1579.7803609889975
1579.5617976555488
1580.557018498209
1580.7713149687897
1581.0659793365114
1582.1100918084558
1582.3586893778145
1582.2556315365416
1582.6584700181593
1582.4769584949725
1582.4098550140425
1583.40804306266
1583.7505245806444
1583.5459823237509
1583.3748849672568
1583.142779943254
1582.8953520611617
1583.1510503380741
1583.180282210116
1583.2882517986416
1583.3568386324628
1584.3922256019955
1585.3001944255846
1586.1094764229076
1585.9751834408794
1587.024127494416
1588.0701587522972
1589.1343122294213
1590.206416453223
1591.2635090273163
1592.3127873897627
1593.3741537909937
1594.4253364293736
1595.5231950459297
1596.5920839594132
1597.693205237292
1598.3310299928924
1599.3807513762915
1599.719741522015
1600.7774218510226
1601.8415107332585
1602.9096121438754
1603.9572149317755
1604.1872892305885
1605.241742730887
1606.1263583971966
1606.297576276378
1606.2021946729437
1607.2440834406084
1608.2967603564346
1609.3768842812385
1610.4480487924309
1610.7723503707396
1611.8295386794787
1611.816605451992
1612.531237279815
1613.2767186121282
1613.8200417113605
1614.0867105430389
1614.0536127362375
1614.326880525714
1614.639208424436
1615.4995743788081
1616.5495851075377
1616.6802381613907
1616.9028407701132
1617.9339277740353
1618.2789494270294
1618.1777550538507
1619.2027879338712
1620.251362456713
1620.1133612639835
1621.1707393709705
1621.4493177678678
1621.2911522762229
1621.3193665378358
1621.518692655867
1621.8981268637042
1621.8976580786725
1622.2872484948869
1622.8293780218728
1623.223703044946
1623.2072691474787
1623.188037097535
1624.0598931669115
1624.1794135159407
1624.5857611977895
1625.2946136489281
1626.0671122328888
1625.961206379594
1626.1336707191226
1626.773619432157
1627.8269670128
1628.0868067603217
1629.1536187057213
1630.1922409951267
1630.3002556899162
1631.0851049194046
1631.746801505679
1631.7691888144914
1632.06637152506
1632.0428513302556
1632.0682214759254
1632.8125812414994
1632.9602957363256
1633.2533828804455
1634.2910089046493
1635.0161397515221
1636.011038630161
1636.970057679362
1637.3797011878098
1637.418834565387
1637.6774042850057
1638.755767258331
1639.3450911013776
1639.360473019266
1639.0783548414854
1640.1215878779933
1640.4703994399483
1641.5419192868494
1641.7951394750937
1641.7020739621537
1642.4035348332704
1643.47011476773
