95.16714627790701
154.48197986591973
115.24282486922102
169.98852779123854
83.20860050230733
216.42817733490227
152.85183852390816
107.2976575391616
88.9718982347203
89.30663360162976
142.71699974482922
95.29070594522142
120.30332259270679
95.12261130944302
117.68279078926216
89.61294245540489
89.11168749583902
90.332754691777
146.36926673292058
88.56980215135044
94.98393558912313
100.69708085804642
100.74161737020701
132.83119691748058
116.3900847252237
130.75413423030585
133.11236295858438
129.3429772086995
93.52711046115218
88.65409707448558
193.68562175185883
125.25795269547602
117.30934162495922
272.28330326277216
93.79950711489397
141.62158678198597
116.37637789640274
130.51266550986273
117.97035435497232
101.22500476934756
147.97788986529747
88.10962533785946
134.4962746515758
133.78489346979296
143.47174229916297
122.85775646149428
134.13886163842673
88.27289828636314
83.44311754420421
137.03239611070532
100.78718040861689
153.3282037422344
133.18420235083175
83.41590321869027
117.63408255227533
205.56134540200702
100.4789993789263
88.85917827320841
102.63485779668032
95.61074186956363
149.02763417119704
110.10258048934729
131.43435228328724
127.89332714234571
179.41981435871045
90.08024165630115
108.36288308699638
142.3040331678172
150.85577749266523
202.55884390278575
93.65070568056153
140.1571432807109
138.21383349329616
91.20435713708112
83.36944297778416
88.49890616463277
83.48631588835826
159.55506664470218
83.24523308297913
111.03033296936933
129.17788405821946
89.1117253079472
111.62522878957529
88.1986650236668
95.62990994700338
143.24766945135283
171.580705534876
186.36294551601165
83.51159461650468
155.08303284068592
169.19394061072953
111.5663231831931
88.87918850300025
106.9562427539417
88.91503724604316
88.99571948404794
78.53336058775731
193.61667974782395
96.16743989170999
127.18406067237557
83.35238524616719
146.6526259396155
141.1687293781226
140.90350425889048
226.99914351942448
131.57083687655341
100.59522111239907
144.17011797819296
119.43035593401257
112.24321273756108
140.61550811102282
152.82587755968933
100.23407184106124
180.85800679294985
123.39558439731171
158.26082757155496
83.28194895713484
89.23391027957011
83.6515536640567
100.96128987071016
104.8000708555588
118.43029741482314
94.77270003107593
224.97546575459188
83.94087574436952
88.64186357946882
83.36274399214527
88.87939011626223
126.84670963350632
83.33694983343597
124.134442867296
162.36310597903935
202.35319003474288
95.43121247569933
102.98070758674872
134.27475842425986
83.43723468684288
188.38738790851167
120.51202975671733
140.99262184977692
165.11078796027022
89.03956752541188
83.44292469537358
111.77548065030598
100.3788705744069
154.03308228606957
141.00081761597096
143.25132551715197
240.37891519254282
95.28345331183553
94.55635075096923
160.14813095741025
103.0897619956297
104.13654531799284
178.00742920505954
88.75907246780793
107.3177389604555
190.16062461550172
83.35328440084332
171.12412610891099
83.22918663422197
121.51412443304008
144.84718932530888
96.33226000664831
129.63079233302602
95.39774494410779
94.62373052514666
146.3053108932589
150.0846362195912
90.50503924489466
158.52012818223756
135.0859235797272
157.53740603528547
83.75332928587646
83.48258096381886
88.17750019168705
83.3808087618037
101.76688668938688
129.27763611715667
134.26521586227804
94.34926749835087
121.93579361991308
115.79053797347895
108.46549069001149
167.20276269603318
99.70791022383733
83.29888057106912
135.57580339234573
112.55822007150519
100.14801925868817
161.56590035016825
133.25933994511956
147.75871606727122
83.54972744310825
107.46617153250521
99.91252206636727
89.6586507582519
83.47720898053565
109.24515360472083
153.39328952020557
254.00640119906228
133.9630593852939
89.1202569913431
88.69789061598905
88.22699928943695
265.11364413635584
405.20616801048317
197.58817345831483
289.31927639082295
239.19602936013362
312.57594120060946
267.57985993532367
412.76872118783587
401.4315328034261
332.68559718058475
169.1242015479473
219.44297610990105
235.83717594978177
315.13939911802066
240.99115694682905
136.03966172449012
211.00790081517135
145.6964926195323
97.93316380986992
147.60682116294356
182.04433529966897
161.4171460719969
437.99900400479373
316.89029013671836
334.46926272056413
308.9043027759656
285.2283439981773
305.271727733358
258.0034927218319
275.7998236816751
333.8347580644337
306.6935771300303
268.8995215859019
251.01030731027015
274.19843953834896
290.0629440585978
245.81028017468827
281.46648731559105
272.84023407399235
251.39842718285777
279.5866856236501
265.9225614729795
269.34443770716365
255.73759109733504
278.97806288078704
372.2252838089773
282.4473244265896
238.88924851300908
290.3348507503443
368.23047874157186
259.24694971398026
277.8352170379293
271.66514681886457
262.9162147256967
292.4156321030159
251.81456733579026
294.26979646594594
327.66520967257526
312.52528312448464
308.59975843161493
277.19809427392244
284.91712933234606
248.44102901959818
265.2260614254004
251.89843380245438
262.2589180429293
243.33762924269695
276.39325457823594
264.4203316182516
258.7231956522088
281.9236564854395
291.67443598203005
286.06996054711004
298.17241447233624
300.6377680060989
273.81301674088854
251.04424888401857
287.9294311037623
315.6471508734163
266.5974332492909
244.26419852670173
282.35176755273255
241.85235081884002
297.7710809316917
294.92893823884896
312.3093866574448
300.2691348187686
270.81233754688037
299.62780933085577
296.5910612753549
278.6523291460274
286.05853894628433
309.13450766189993
263.7769384957057
350.4869476095553
265.90704991771327
278.68256493375367
320.64462215163013
273.7849049967813
292.7324432402394
310.0282961346709
305.5725825733918
268.72086676478324
313.24526364940556
255.05864558164444
287.5505152402581
240.9555076016713
246.76642710859264
265.7838327790082
305.14797836030573
289.0007122640723
327.2375361987004
329.50799017115907
274.18696287126215
237.59786136544136
224.5071406488275
209.5851717645318
412.2656758671374
303.9503515581553
308.96521420660866
256.3781837256519
252.89459893616808
235.4264095203027
344.2166861793376
363.4937794685069
309.37307880349726
298.8238327056444
270.3590592987949
338.0888194459276
257.76376389217256
322.3032168280154
292.2353185413777
270.43964918591206
265.387172821199
321.9895921602181
244.31984017692884
392.2046981264375
240.02903739422484
318.8030011786404
323.67522074721694
309.8743746168321
425.00391159104197
257.1364943088872
325.70152212896477
288.9160083413876
280.5261026902336
294.3369781996211
546.2278653609355
343.9650923623297
227.7818030299006
250.03018716707294
237.78419883995224
263.5553196195962
245.66523372636792
274.27413168601345
268.5123886033959
306.61078055440953
316.4022670351674
266.41702832527335
355.3784184371803
246.50692236190372
268.58682392412265
287.9685247876786
434.48410996460206
513.0267785755287
345.9767309649529
353.4726768283465
359.0455714687149
265.7281017499247
242.8463507163912
388.11192549753775
326.2560990009266
396.80940356068515
354.3682557060429
406.4781342864734
413.9908250166045
372.1132509032755
335.1952909098147
367.8108740549328
296.0086144788691
354.64469036638206
265.5356194774441
242.01906038771398
236.15547869671792
212.81514531245605
236.08366807334997
286.1801862241935
257.22718471000536
227.77291238233397
275.57752868576307
253.0052324632323
225.78592630197923
221.38787998031736
232.16003554866572
222.24946377570404
242.8656218860546
209.89172415845385
216.7188287073345
279.64589502390487
263.9621008581108
276.8577349938136
301.38185085247164
310.06576863593625
215.59691895625537
230.40151953884748
295.87813056254635
427.45971351209147
378.0777753332101
329.4328638717254
264.5660695410214
253.82536562581603
357.44243489295246
363.03170542392763
291.9983465253457
258.08719687584045
276.8062923506008
323.74967485098176
340.99549104320215
333.53004020345463
346.77327686996784
420.6177396706163
426.86674422640914
344.4599412289289
329.7093844610507
362.02934053642116
416.2637522294388
324.433572895544
349.9367686585339
335.17043943376916
334.03519937821244
306.50253197909666
345.4747015845472
323.3451531654612
278.137713089002
318.70426040213846
352.1189273616242
346.1645784521011
617.4204457938287
537.9340273393676
321.3414604373316
318.5093807964709
337.4798487777925
327.27077080138474
305.9745829724428
435.4526970255097
329.2282502657679
368.5746557586757
401.89129607869404
362.505693438583
564.9971349422752
620.883699792343
346.7288428399079
362.2051479671559
825.1850583757414
477.1136137168588
417.1241210615831
315.03074949730774
472.74835873900184
326.90799651098826
447.0346350892286
329.05261549204863
310.03773715296575
344.80126530237374
306.9361211253364
339.2771954807267
325.45855376474333
327.6926259947521
259.97176946692065
299.9253475119483
310.63327123916923
322.59199606754584
306.8874746960579
288.1561328994654
280.28715812381796
315.28077051129395
287.6327988708709
286.9002992750418
325.1599848714396
285.9623491892983
277.73313773763715
273.98477543512706
259.958394032221
376.1968370488095
336.4897516214777
356.1306517438917
306.9877531010203
313.6622720248097
338.2468377455002
317.5823032571221
325.9881050027799
320.009429796632
321.1207728835978
580.272675740488
331.4587244984893
330.6663555556703
336.9919309018788
314.1544738492303
346.83585498569283
373.9601721484301
328.4420508589222
285.0883760576863
349.85792386237785
321.9372873582722
325.88675467835594
304.909473841168
285.569805201369
283.06870103022646
308.19873028343613
309.1516534089451
275.3853101448741
290.24745746572796
297.9370425139758
330.68327164502176
347.0922095186367
308.8472404515679
325.36723092696104
363.59320467944895
291.9947882890072
308.5408294279636
324.4814597212003
368.0246238541076
310.3583300385801
357.1903612130349
337.6219378751266
309.96799658883606
345.0375958900986
336.03271384470276
279.5172985433614
323.43556337590866
282.7805471683929
314.48156293390815
291.4733013198392
322.23969004670806
314.03740928807713
398.9080588866009
316.0113099241891
324.4653905692479
327.062224460555
352.67431958882116
334.480418475656
300.9100215511138
337.1255562927341
361.53959211582827
319.126828228889
306.75656886543317
302.1684220168384
322.7892077997417
305.5955765869523
324.3565110887582
301.22987394213305
322.6453016694581
351.8324188167817
339.92370952221546
362.3452103609139
326.74193919900756
341.8136314866244
313.74653232030505
383.5275189718986
414.11735813036364
448.28242178689135
427.4873953076088
302.8233862068302
317.78095747823573
393.6695450156407
308.1195581014104
287.2449063943336
572.9309725571461
338.4956612309253
348.33135438942696
306.23316012868753
299.5512366563428
296.5178519140074
318.9022809817432
310.036113809889
533.5972656622396
340.8293011687243
297.9057118199523
379.8143406868523
462.7786998274043
328.5696742810181
332.50890923272203
332.98625966047456
365.13359367783306
328.43531326528984
301.5641087283511
340.3923246771231
558.6689347922759
340.4456454035476
595.1163700726521
407.1730078665972
436.8903194908425
486.1504207658342
550.9521247222593
446.0140316958746
420.03706601069615
410.53596573050487
316.2771761920067
316.3825621688009
325.0228442490444
331.9785216942398
382.12616768448015
333.1752732092159
363.44223128063163
313.37697685197446
312.2234758972477
332.8169435225738
347.26072809602925
280.8267806278494
268.1631746328549
317.942813478546
348.9020837212373
326.4356985287005
352.7858894003683
345.73331493937314
363.7263989006764
330.3924124008109
321.88198708802594
361.3202161727368
327.8855071664819
367.7671284297277
306.2071777972612
314.5153745686805
321.2455611953525
343.7363904380902
320.66668757701234
322.46415712704135
284.5245274257946
359.9598416557258
291.1950127698967
286.38094837702164
354.44886976251337
324.30593303599903
380.5153578556701
538.2809791873747
367.9690523000015
555.9276920181173
491.012879309268
334.7176016605365
494.78306498434785
362.1638309233054
356.9186726154562
351.03234614706594
379.8839092687095
401.6243816101759
365.53643379577505
350.1065108212638
321.47169535489684
341.2582109131871
383.5437221004727
360.98916466963504
387.6670829098688
344.0204253264526
423.588589441868
356.944653506787
394.0147727674916
383.43253788658103
326.98721735313603
402.5921546699871
373.1068370422857
354.3943746069505
309.6604761497378
344.11883531217916
341.8717797898602
346.5165852209344
363.31792130494375
356.325359449625
326.13145790422647
346.289021665842
344.58963065612636
342.1312995878511
365.6870047839241
318.417595208617
327.33704017195294
371.8417500767794
328.74865004922947
353.8134837699484
335.32261074776244
314.01249503577014
316.7953873017683
352.5904020579001
319.3990215002231
390.9181057898113
369.9826536820035
394.3959238953926
373.94953565458053
379.5154100215737
365.0324825329814
406.792830970863
373.4284691623605
390.56185921193975
469.95572729864807
421.5250927967338
433.3094982140434
422.73118250273694
412.5949871495431
365.3062173521293
345.3309372124787
335.8337730095693
353.490680421876
428.81456294996997
391.22427985676313
478.4479973702509
372.9232146649423
356.17693980504737
461.795343104182
327.8598054878833
341.59193372555865
530.3102307785664
370.9310383398906
623.4860568599694
401.5688706667409
357.7187183411461
497.96071486177794
366.3347665076097
389.86407280944564
337.36058976562225
333.24214102673193
419.09255509656424
455.9709897666648
323.6759692024399
357.0118875785387
500.5032574804476
358.14936936375614
364.82785534375245
419.2204322181784
439.12278751665406
391.8082359795265
408.7201101416308
394.86154323893777
389.43716356518047
443.0526763155265
381.821477346084
454.2841753055929
472.147009192661
438.56997475038366
428.4275917141083
380.67293154044876
361.3218430066203
418.8337007746599
443.43999870476415
369.8198840984499
419.5859154267116
477.00029751513017
369.46136531135534
317.77127334320284
502.08001188487935
341.6525906987146
406.912675362354
346.4339527402535
412.627035206885
347.4870443852358
358.0766994051563
396.06102430843
374.50229604761114
365.0042780366189
415.1145372508076
342.39880186515677
380.96385285965516
367.97998857784233
385.8920113928826
404.22522147852123
400.66424438600313
330.8460615570798
363.00553948429086
331.079278900007
354.9967869437478
351.47523204482513
377.48943441118524
341.1898821483974
381.9855284563175
327.3982227254987
381.8604745456842
361.26948585787363
397.56100064782476
403.27080314192494
350.7618344241286
360.7848249074596
491.0270086227889
322.74534176370537
369.1137918071209
453.64546528676016
386.5228488652242
370.6857631288011
334.66376113458193
342.2550160766707
366.01903736522445
385.91754211940685
478.5255804983594
392.7265766514749
355.2163880956126
289.526969547733
398.7723298103536
401.3639927098698
436.46882201796456
422.9820609625174
407.67110188382446
407.82427110942257
513.2235598405535
451.6851423998231
372.1576731185716
363.97976405184204
599.7281405323403
456.6077665391239
441.19846487788635
406.85294611249924
400.86169466730394
380.3611535011368
488.82478244307123
515.3140529064559
444.87147738024413
454.6397683984957
548.7697395375003
424.68298213813216
374.64933935180744
336.76474059998714
487.24515923951805
354.75649220414334
440.35878495137916
354.4046198606441
334.1627884542659
472.5077099085395
388.5312075327217
307.3115529925625
497.2993073121808
413.79178067234744
383.3117801307394
424.25319195446843
450.174893200558
360.6919954383724
429.09279009149515
383.7019888059526
413.2003348532207
372.80839532338956
458.98905324547417
428.7117887725612
410.90523275888444
383.2461807191582
440.56451941375684
447.5569924962304
453.50946669776454
532.7351175524509
464.25473452619
528.5758343018161
386.02948658299545
727.2684034357072
667.0687703278752
521.3634013057381
369.6509543057074
372.27241507061166
388.0296754896459
393.0768787692076
380.99412184380554
379.0067197132455
410.4067847276569
364.2110371459126
360.9899480276846
399.7949204492084
349.71869712924416
373.16430057051576
449.7369095965184
393.9403165657809
343.88084084730417
477.5948631447066
436.1317595396151
460.2800608826467
552.4490081269615
375.22864211065456
373.51534110816516
375.42049422929506
389.00297193169814
394.33923948164727
367.3351150452847
347.00365674267937
374.08590764213153
322.6032982612889
357.19898370657586
385.78053055774853
376.9825115579268
436.39424216130766
361.062646666612
356.609191191395
404.8878667016125
378.7293038101194
402.7107103820392
427.3478793196076
380.3310111525918
433.7850047132514
389.623515925002
396.25408533786657
360.12545080514025
422.2817536018118
508.2965982311608
373.5484522241965
381.9681589732836
371.5118658667535
323.9102381515767
369.98606360271265
375.10287682584595
344.5976664440175
350.9568669925531
617.2396010210782
495.81580357142843
401.35750184617643
390.16859451391986
440.7593173915981
395.6695735353444
401.25396030059795
359.8058170173172
503.01252909576664
417.9179671382706
406.1786820818527
478.0244503646615
423.9300138920278
409.43862070354277
413.71543395274284
401.9903621678491
446.0847627373848
348.7225809349309
409.80737263371395
462.9604922426751
435.46198047088575
400.025702728392
396.43708586869883
378.4301790782166
403.10274645780805
432.23034673295194
426.2661835141327
364.77715680853515
357.45177103600383
332.30856134403666
379.9494431882391
442.8356966724044
565.1175677498937
362.612260602139
387.7795119673953
413.79191306943284
419.64034969030496
401.82076330103166
416.61664617806093
393.8585103893634
358.28314923263457
418.8887734956631
386.87719071545723
426.0517947695492
459.3814907273655
526.6513243769275
409.80491962461997
579.949646345677
371.0153166229073
344.1123553798013
426.8823768914962
692.625831358029
373.4328742637275
478.35691679699204
382.49373164949526
500.1526206699709
426.6245218251011
465.44804843208885
701.1695579550309
359.16826847613834
540.1463926395893
446.9643534455483
516.0025163385931
423.42467062214075
397.85401616952254
332.00220459115366
391.2917309739116
422.5315546892565
433.1416024982462
387.4718607691078
480.70342387363905
489.68126295233833
445.58972621737644
376.09587071004324
456.5320918458155
476.2356885317662
430.27161539129975
374.0297089989527
336.3246385380971
433.4914945436175
474.60287824239634
460.56567323027116
425.5039648651078
482.39399822411286
488.50131606984655
562.4189439960418
397.44159334962563
392.6510494382789
415.8035277371128
578.2843351951788
513.5464935921026
644.8720715834772
598.977547358454
499.620463578445
424.90127568510013
409.4000857120188
435.312453423204
518.9255385277826
534.6722151745761
423.3541240238396
448.6238074330031
468.83730540462545
513.1509193468098
465.289006897756
638.3613262022756
504.25280204129996
512.3487028823122
507.88238213215686
425.36426533823936
601.5350688314122
442.0747238979259
436.4505913185097
521.0750137087704
484.83350992439614
459.79936182387496
407.79580050951404
424.91902746524954
416.85211035533234
559.6606880555005
426.97310783230677
488.3556597625291
397.71511009633457
429.6368645433262
391.528627794586
469.750631240765
447.43945240589954
557.0098269652204
523.3762451953944
605.3365404349566
462.9644775927124
407.3313973193905
423.0728552748661
486.26058120419833
545.3387332378825
565.384624973036
415.2819331213024
607.6877821853186
455.37292472509915
611.9354005701995
500.2713851204029
489.4689269383903
928.1630541902385
428.27720900276813
600.8035799113586
747.1034221531693
466.02068550225744
604.3723918032671
549.5977234543998
494.65566713028124
476.8174731360317
424.8183140837057
502.75519089202635
483.93956298883376
432.6503045069878
495.9217934992206
528.9831553863349
456.1146952742412
564.3339794420473
523.7322710077153
811.5125110178877
490.8551729572007
426.57462195789805
557.534551116291
682.1038274300469
493.30204531499606
567.3698455670135
647.8728327805595
666.797372351991
426.70084533582894
501.7962228600915
546.4220075914828
526.9266375358426
451.15098134191646
533.2653266009866
533.7678787851713
667.5184653731005
458.9956425950322
482.6522789988376
637.4589061021335
603.9169443017089
714.3853979368547
546.7695216342654
504.0444321650912
635.557014654238
545.8305225034791
487.1443011942762
505.12618091469204
517.2870035198016
511.93506994237225
482.81911094762563
453.0043538500251
644.9733354614607
588.546225392031
411.52667226045804
443.4898924459444
498.3870106752548
661.974804146347
409.838210905771
534.3752754985638
539.0231709401293
435.85042981929604
763.4584208458866
806.9312922178747
740.9839297301655
594.2994328906265
549.8986528702876
772.2834493880572
517.0608768187726
484.0807290492594
519.4118676306389
509.448281584099
548.8021037783199
425.3883455298717
472.02647487931415
536.6679839590153
505.2789973118146
476.2586277181824
528.3559449483942
612.5688399201159
482.1272481531132
594.4550465778412
681.2787215275592
578.8150942128406
538.7679275694674
534.6236113784648
386.15270859386374
500.1032910132825
666.4509228967742
532.0263721476674
473.6119932172758
559.0322720293586
558.0668329975882
582.8049430526165
472.56668862643977
618.3531386660577
507.2765342065206
728.349846350608
376.53754927604655
515.6450201047544
458.56292579749845
612.9047083353686
484.00424340613245
494.3819021068268
476.5894526305224
612.909629929186
431.2901972230955
788.6528036144432
543.6380827414523
446.05488185086733
503.5263839807686
825.6752943454703
543.5664913810117
496.05061814995054
472.9741709639223
690.3086387134927
441.2991212012605
768.362961395399
539.4188268802046
550.9408280322501
586.2040724534141
671.2909051488531
662.8226582237177
463.8845411050736
606.6733981446446
378.9144345571375
526.005275052389
420.1327419366645
451.9962638429494
703.990977928346
687.6495383147318
421.31022080814773
578.0688001896009
443.03996053912584
502.1157469449811
796.7901288335578
512.5311025640044
494.66322415315153
675.9161141048927
685.6449847222742
574.5177000621477
466.3229812212565
522.3547987266375
493.2686871262247
557.1954072924864
514.5116100991955
499.48928521469924
559.630809722208
566.4571863850791
765.7402841642041
581.8619121892
512.0847901199202
446.635304820953
540.7480760711234
565.6221111942657
442.72270696908123
548.1342937449145
580.9654820280853
508.0641192128238
567.5671908490194
702.2311368073637
446.4823331607234
675.0852373707145
342.2481574088638
350.59270247280466
536.8066683525001
683.5506885417215
547.4255967530452
792.262569877232
457.18171182131704
525.2107682503114
444.59121249079027
599.6600235250797
630.7859210305471
415.56439324833997
526.0191314014819
425.6174036313313
908.8752599879981
508.7061885197678
617.1515471210333
412.24169408463734
486.53094120453056
523.491270156082
490.78761269739306
633.740113753878
559.8116519047846
875.8214026927579
583.2642661173276
422.18829630368936
431.14867967798284
591.188854463625
499.13785160561775
519.5986903118958
452.1138060282877
561.3219111550558
497.0903348939733
729.7923211960804
665.2476506154962
437.02355879428814
715.2681338783023
564.8862490004976
602.2571092804197
624.2600201633871
505.96003632883617
576.0552336411961
522.4872117602655
472.40701422785037
469.7038958363385
556.6709417497646
421.77738931991746
782.0192014133607
608.0167136124793
555.4898904788109
530.6943919035632
545.7102026081451
502.3525644287616
446.66326765391864
575.1997946887213
493.8030121619729
500.0587661651568
763.7073735553029
538.7342535929781
689.0168060519701
639.4399913411089
595.9638806816598
657.8884723912167
542.3711982277425
746.8254471267945
484.97634144537165
697.4638634001535
600.1531090387134
759.4743051558244
584.1833910318235
669.3309431894708
560.5268323710642
527.5522728318813
534.0324311672352
645.6410420578095
647.9178218419997
457.0154866921369
626.7097158277381
609.3761563594396
613.6812253074589
481.2993932014544
548.8380337833044
523.1145013512778
586.76353931715
559.2458114877497
528.6092001852323
492.26861366958303
766.3610318601271
605.2075267944679
775.1336378271303
587.4054474087482
748.4419430629788
524.0175026807426
561.1228070823264
597.1210279296128
539.4313027260633
620.4422119213796
524.6449365083193
417.2198581464009
499.48421907354873
682.0561045154749
679.6796697955107
642.895029398149
513.7895872444196
701.5570805405124
580.9563927700414
675.5750051636034
594.3974548328522
570.1276220599216
545.4017892150038
558.084496868591
555.68660010539
480.78623970144787
520.7129800034579
728.0270881146972
542.070441031731
578.9864220902826
666.6932794228487
550.4399066138734
567.7642408812145
662.8561171264755
609.407093795607
520.6734493064314
510.0086131670726
664.6534164905204
534.2785202454311
753.7237178565379
690.8266058807864
483.33930949669985
644.7030440072454
686.9722552236208
464.46181258141274
594.0998879907569
414.1647013625682
534.2076620547645
482.49647292894554
699.4043200049098
796.9873179749025
735.0812233045868
496.76877212354054
560.8203248663817
616.9075724925128
522.2980373876524
513.4568321349825
596.7636940317175
469.71295344384197
497.85175247156315
648.1509867564534
683.0708511895951
577.1930392447608
749.2586167327786
582.344268228986
634.0798269533705
698.1360017905545
573.0124452369832
585.9307127960544
570.6940077265729
577.5293512069182
647.5703651297358
689.2747261348991
625.2617689184124
655.8589386503756
771.9483173239838
456.119682565481
712.0037203645418
515.4225233308722
760.497207120006
686.3060776137131
819.9205868368063
647.4739916395705
788.5792245791356
470.1566113592975
545.1412729581823
660.8162987727535
531.4395942060997
541.797427453916
992.4396194051886
835.5929069830763
651.8609530087826
568.9074103636245
490.86686124778805
954.0814205108221
491.1874577202947
595.935244002885
644.0136496334292
764.5482214055497
702.3207090313753
665.1189835461748
755.6620260929099
755.0808873570659
700.9914263901202
911.2966083275071
478.8536370708881
617.3151888366615
521.9300128106057
650.0382206524864
669.0321987103453
715.7073591242348
463.11007100296183
658.2050483034411
692.783703901037
636.6882377567609
639.4489353312866
462.1853437895877
1044.896886950054
878.5950354279116
664.3275366717047
570.615802028274
717.2706763573867
596.120692774573
626.6453994617654
767.3514481702132
632.7445013226119
709.4567145055973
567.7495752968183
555.3803453520688
653.6251305329941
675.4951795823455
500.30913681281237
640.79077008054
650.8665768857666
498.9481993643323
488.1539846990629
598.6965910487387
592.6888509611921
628.8976260802551
572.0683581367496
513.0348050005009
483.17161343965773
531.0971007668862
556.3491245723931
757.3111442286187
506.513515894776
423.70473503881493
668.1417145336018
633.5757194534089
569.6786718870943
506.83167331712104
598.0540355794473
939.3286739176406
571.562354712105
589.762109727972
609.2997505171254
661.4641373589399
522.3563602114292
644.5055493071004
527.188722838379
809.3649377256154
635.2120289970896
778.0418537225382
699.7980838641352
628.2288334818998
714.4829349614599
600.7308750334378
711.7116182914958
618.676454431951
818.2906256373683
539.2620384349626
1041.1943531467243
829.9304413531429
939.4359909396455
419.9256715131919
782.5648636775296
623.1303475279437
726.2306811544025
726.7177473192846
960.6073139478245
760.8787853712064
767.9128727908605
730.3253285003898
1079.3338288511152
872.5858586949224
726.973585353039
752.0469899999284
677.4012310871046
584.6874054263619
496.43197564318797
671.131113277949
747.9005191641487
642.7638582829935
540.5370391362466
583.4189855137312
685.5622325184629
596.8955657429466
623.3208800723672
947.5864442256506
689.2543082617508
432.74103924591077
564.991775283707
586.6645624721093
956.6926992275819
492.15155978189324
946.5044809720206
624.4693740886977
904.0048055599104
766.2065851159311
523.8776085537955
532.5849135846739
873.785515809951
634.130135555891
614.6497116268423
646.1780970682929
535.8486587779026
630.9751572182905
659.4933600915532
769.8439357305025
613.0229585326096
569.8693410270431
1147.4492359791957
1090.6558854391435
567.0807154797156
817.3025783820473
613.7577295036782
564.1213967999613
764.8081512850897
740.9710612159097
842.9025246294503
867.6418780623289
711.8495547526959
829.0289497585443
540.040827337257
562.3109361941347
578.1135842249456
811.1140513300054
556.1838427223544
858.7709018372401
636.9890618147557
802.8531184387762
659.3731140119919
728.5724620410745
1517.1317364167646
750.2641199013044
558.1334545547459
617.6154770792493
820.7204295305733
642.6886808682663
780.9823253194872
585.1298071198163
709.895724903954
559.6706958798763
713.9842042801553
626.0385975963674
618.579315015079
721.0127447664352
609.2557956386089
759.9983818554123
754.8416919255621
643.2941032388468
670.885060116818
610.5392948777941
687.9265772162445
685.6945045341201
866.1911202735115
720.609713388772
609.8128850536023
669.9886550252525
788.6597774839704
554.9339659426752
542.1200677834121
711.2990439020689
612.2311694984402
584.2111072835716
567.8227133822443
437.26327248979067
622.3976736040757
535.2987242740737
623.3597115803
599.6178254857091
835.3632597434441
723.6607011305716
1158.6039812561767
1031.8967958090716
540.455660524609
578.5257116883774
775.7839211325268
1279.3226673773877
705.136922471922
630.6902216897267
656.6882792598191
892.1359728103681
506.3224702763425
563.5687884826858
750.8417197381418
540.4661085219487
641.7948701888197
600.7108173071732
748.5413639725176
555.6740385806962
892.6837790685285
560.1599564577139
1142.3732302537408
636.8152096303585
704.9823038163994
560.1463199805438
769.7101260277639
663.7482252278852
538.5494599194095
734.8075620534142
471.94622919803805
895.0941677773601
1201.8458688222813
565.280219700371
601.336507501914
605.1787834991886
543.4706683065027
863.643585794754
524.5136640193721
547.7358846099396
587.3111542885721
729.683575901207
680.402656026896
773.8040843835676
1132.0680737180153
533.3335193890741
728.3005769495435
764.727557896124
560.9787633411889
433.90399443161607
729.067603632568
660.1969877518586
577.9175526570926
502.38710407280934
565.3702964963418
629.7552194522209
712.5912260188641
615.8455289259824
413.684460318496
566.4149518485909
670.0199619318045
682.8911310641178
553.3838443960093
652.9949647270194
684.956157854044
656.3634425668898
1018.9157695970713
597.2803682880816
1084.04093748168
1072.5145237850627
774.1048383645076
543.7072678263438
524.2702582429805
714.8647521108321
606.3598011736291
842.1372769151051
659.5635885563396
481.50216841673216
491.24904962771507
636.0464798088997
737.1675859607451
805.170552038614
562.731101694626
1432.5866767319944
511.1261509460276
1012.2001830972387
698.5722108808108
660.5481711331759
503.8737084462691
408.3484633440363
434.58718975048
489.64430547162976
706.6656579872503
579.5813796943269
559.0757724906055
758.0407198995068
562.9607488343311
539.1767537717625
759.6953204828072
1240.5174829106672
717.7273170296584
474.2776927558976
1277.4961905436032
738.1757120482637
711.4499100596013
665.3487928270495
1058.5600439528139
523.91585752026
707.9509500004291
671.729308493072
725.4027510928777
575.5936107610328
896.2411378844918
692.561540080721
788.9747159488704
486.2733491003652
796.0554570068688
861.4599833453689
768.2191503095634
670.2897482718006
866.83501419655
538.1281297187621
965.4327457199081
560.9554188002076
574.5440874274179
417.99412997095754
487.9536203135967
620.6524036157721
613.9615071046026
416.3174232668387
528.0339506105349
803.7574889100667
536.8866879260784
954.8344381917129
1323.158845172016
830.4401387214003
788.7041825744633
693.3723645093477
736.0316228247428
544.006679119194
936.0642063925028
537.3350815547295
1004.3027665663385
503.1916250803423
789.8778645958608
792.135801103113
676.5770023780414
800.9931865724257
661.727795626411
1114.855991312271
861.646996208908
702.940128166046
857.7477687124654
848.055355457826
707.0946023643838
1237.4318955934295
519.260385565762
593.3430856029671
888.9779803026498
680.4249575551873
528.532643714971
740.3717473805367
948.0541312316698
833.8940214087095
931.218000611678
932.7733083662223
1118.5698283439117
1025.612572028005
1469.7611578881304
1150.320686900571
729.7248023239972
1187.5527576410104
753.604500112358
518.8795406523934
686.0938174441521
608.5709152152972
1090.8777656785178
946.8755838571184
784.7091802161863
1294.1689383722978
775.2166628894165
549.2722755715258
578.5875445120884
1114.9996302201253
937.9581926498869
1485.077240980933
630.8992611988303
1065.5007002941763
1094.2798108989593
745.2024424344027
762.3253832565968
908.878621167206
551.0022114806623
835.9678666304009
674.1887447387005
670.4325820500408
1110.1929374847173
784.8040861130052
562.3246453776567
670.1761136376066
749.9399696606853
1045.2470911865391
997.6664364566392
534.9036164761965
934.005842380984
695.914285487887
585.7862245336545
829.019601344451
970.7370334532307
667.441849449161
716.3639388386202
660.5144920462418
656.8849141748949
851.0578225627003
673.4709435794708
770.625714187403
866.821185960094
1190.1803725943353
639.0392369390778
736.1201587942514
762.3385362834562
785.9505529072236
733.8861116950256
902.4118689947283
549.6879509894501
559.9555780928351
842.7912405957428
629.1773221434336
622.4245940859262
578.1375310535105
739.7080372788955
1081.4295608500463
680.5647180648969
779.862104978329
1152.5961296246408
634.8365264482367
482.3103863501911
473.0893152387802
643.1272274418551
688.7737520832353
512.2087590096239
538.45155884198
662.198984553183
609.5969266468932
475.13694205909417
1218.6599303428277
713.3241516582649
532.5907086967464
1195.0395218479134
775.9524696396495
932.7384730648009
739.0755821143358
758.8929002973599
764.1542349793245
939.6574839538464
513.2323642386689
753.513755863052
814.9304760153725
817.5580453377864
804.192416183677
1112.558062665061
1169.1675549733225
1252.7530951848428
677.7111904852951
662.6005813647593
744.8206492842445
1214.2433956499328
768.9856101738061
757.2158179413386
699.7396955856531
779.3253223964502
480.1576540114787
581.510922084167
622.8912903548305
529.3057227895177
775.993342814374
892.1722699820988
1014.6155944545493
936.2142139585599
832.1665812398978
952.9087574687169
499.95768982602345
528.5076495841951
902.2636036833078
687.310373454225
944.9626127939614
619.3285620773913
886.6498229132881
528.9691708831509
924.7830586745616
610.1393328198498
603.232788474578
1029.4288635578719
834.0392260519508
1278.137939537265
679.1011178717363
716.1756918993874
954.7855437557677
1179.0772227355035
668.8176309092902
817.6819360541156
865.980291597968
1106.7250453060672
1702.365745061319
1178.8205342221452
1038.0990338480658
682.330766860424
666.7048531722947
1088.3144455602558
838.6697525439215
535.3327718272735
1029.2371319949186
523.831908354702
643.0113764353644
951.9157014966337
649.6619471243946
663.7923096848806
605.6024183226885
710.3041886757837
859.2316242416181
946.8152834315565
670.0766975824173
634.2246185248287
570.5254395092695
674.1077114274115
1293.2154719684422
655.3989786687052
630.6187539432974
665.2479228462603
856.9188114242436
699.9189684423478
592.5828124311307
1101.2929664863148
517.9022329260033
931.5159842962535
648.1918177556997
655.4435832811007
712.9363762229565
776.7722809297123
611.2536343772564
977.5827991530354
648.4591652686628
698.6677319700468
479.8752067918654
817.6336407371061
1020.778331678697
832.179025087679
574.3712721540055
679.5989998373761
746.0812888351776
699.110523675552
583.5412471909026
523.071386964399
766.6871133897936
706.5817878635022
759.2279602194775
645.2623255407316
794.4163985822042
525.0961623129443
1019.3911147808084
631.2527498493396
761.5894768017704
947.2976182085756
654.957885551213
617.4682751057901
776.8359208256628
758.8601365999739
726.3453351792024
1020.0580244702953
567.1428163774796
913.952875248874
594.2336232585639
1025.724162143091
1091.820738003266
717.2440897369398
788.2314664156934
749.516153773019
573.6750469641121
1063.158539705361
1073.7636287344387
546.1680366676377
884.6184897209222
521.3490065354734
2395.0594087547697
1045.731749533616
644.3637603850265
575.3457810201055
719.9618941756416
397.3503041258551
936.2557058470627
800.2598139064388
837.4234656908262
546.3518262776496
647.394821505353
581.0742168917715
594.0218472733104
473.3177578427277
460.97247815739524
368.28224098150866
456.2665418911057
681.6115647287197
491.6269227666832
647.6750290566798
690.9633424372521
366.3649412714912
735.2281753330187
494.39557503055124
336.82654061826486
480.9842619921391
534.2077020466294
523.9530229864849
643.0914938974115
688.8982103246987
806.5665217854009
789.3782463604311
750.9842569738803
589.222494861337
508.0703927186667
851.9789927114282
569.582054273848
465.1233425236069
620.9444168698122
549.578921946326
604.9426947980247
493.78462524118424
758.2149379502686
784.2629873085209
718.838051948873
434.901570488797
768.0130988604078
465.9449675771594
510.57749058194423
709.7925828178836
823.4124815997928
543.767946157242
585.7069385824207
845.634372494118
482.2373151995356
603.3880992938705
622.807049318277
1337.4785615313187
733.2602246776914
679.7064538086703
903.7331436731413
925.6786249720377
687.6771483011406
654.1367235603999
1445.5539891315627
727.3213775395247
802.7517448057339
671.4923102728137
833.9583738085391
1187.0155878980656
669.3443203340912
735.5323792112503
741.8250733857187
829.5844667139546
731.9226235815811
597.1105649085055
711.3756032704297
849.4371284502818
950.8427034772905
622.8255301430819
1001.8884316719924
770.7997346986472
944.943867265359
1398.4674045398237
800.9206495840546
981.6710561333854
1056.2049334214066
737.8103810778451
736.5063118721537
937.1079618578628
670.6190772935827
1181.8433268666372
1712.2565956297274
1087.1334721951996
501.6973870209364
845.7335106047472
845.1813136972964
661.7062828201456
764.8176455226859
864.2806297073222
558.1801298988333
503.7222267950037
571.683479316128
752.6117543098665
533.2631332251121
731.6845875517976
896.7886071230338
732.9857741159748
607.1684712761095
1197.2978362965523
652.5966543110824
805.0294483181433
491.7251042754416
1048.435933016974
699.391010314492
990.4461913548743
874.4324445544937
935.0566233578634
616.6771576653392
787.2762409425493
900.3373194458356
919.105829845917
822.0066774745258
840.76193253573
949.9950775258914
831.0465927771468
710.7781217970728
949.6655934196657
1057.3886817134262
1730.2917690153402
1098.6500805259943
513.0285236058903
739.7762630959461
1074.2751897051203
790.7371560346992
680.8006544715274
1260.248956719185
1022.6842791378147
903.1050865871771
959.797176827836
982.9833543486441
952.9590043368431
916.3487417414688
820.1098933203746
854.0166686588664
1586.8346650101616
1640.6296366808963
797.4387913552439
783.7953730713873
678.7432660405044
730.8187211189336
801.4041755824435
680.4264227465608
893.2492579472198
1333.4375876696424
863.8009031848619
713.590857638974
593.4335231997014
595.5865944824236
734.3083810346782
871.7619204300191
554.2277000092109
791.2162920119191
730.9762649697964
1129.138298376076
663.6721402700757
1336.1292174538298
1059.1772094390021
908.6885639766633
616.9010865051875
1168.3796408195678
1010.5319520191091
630.9213191035069
509.0427497299074
651.751810439711
1004.2407743256294
601.102296130054
880.9330510038933
730.6957682208744
573.3752411629204
793.6451305705882
1176.0102420215967
741.281294089065
790.6317732717813
964.735903827368
1228.275917161229
1509.8553057135196
1263.6143069084885
812.7015072765752
1102.4378889771508
812.7717427231744
759.2960909530252
791.5311992348019
1168.8287441777834
1973.5547844105633
781.1371102741559
1609.7262537958316
860.5164760429408
719.6436732285298
642.2926320573839
836.7017480998226
901.9421728791364
535.666832606221
724.9666284584949
861.3448653336618
814.7285027329443
1345.5693893211458
924.4391994838703
896.4076042556238
855.9755003035905
1397.135592737949
1181.1127753366884
915.2309992682019
1154.2309534345586
616.5331989256501
870.5970684890215
677.5595661511463
790.3171610640485
1373.1319130436254
1158.9287937432214
1153.8234628162409
1072.7802085204876
1047.0110345892624
768.9058477594964
660.2608413158033
858.0928357258557
1281.207013427206
827.3974485567315
980.8258345964811
936.6266056258239
837.3393438755364
737.6870903364393
790.9845067305653
979.2293365342045
943.8870125681027
409.38781074934616
1132.5850095593921
700.3988588140876
666.1515792696825
1446.7674448401824
1011.5119407287378
569.5397912204987
722.4731148321151
556.6665252522068
612.3151877731511
744.9328681366908
934.7107739569481
751.1668568451196
684.8579712364377
844.0112866701623
773.2247066521082
741.8765011154037
578.633284452389
1343.9560977653894
1240.9794426365956
824.8149778797417
647.370021498601
1530.6298142791295
591.2878669578271
969.9991378164007
824.4063335138242
1031.6185669682366
892.0859107089829
594.2549100061657
613.2583800298946
918.5164272934821
1507.956793886713
769.2516462682084
798.3970575157596
638.2063221548682
611.5633185048738
542.5803729722536
605.8363303412264
1546.4724320744872
602.2285798504911
735.6344535359206
977.6496091962058
795.0834195290724
971.6711547277229
765.6754024458062
780.7792649321071
549.8364832117634
696.2319230006186
777.648291224001
685.5015869346306
584.9875852827296
903.6416250846703
674.7127558943566
991.4311181780567
655.7468206668286
632.7698593193479
510.65790324987466
649.7253553419384
490.91765955833444
606.0958587513226
606.5043883653302
580.3823684150749
586.5923480654333
945.7328485589434
704.008625317936
1018.7301705789564
764.30907251941
855.9713155123309
852.0671889860757
943.3878695265228
753.0433220241662
815.8665728097195
807.6958828004492
718.998442319448
834.2874998643946
579.2430691226855
769.6569024333364
880.5487794187395
807.5386982187734
835.022779977672
632.7357312110023
1032.2008921275524
1209.0859080851562
776.0098909170365
933.8141327620774
905.4395596095727
721.2875149038601
1068.0214316296738
865.7001514623717
951.2428460065079
537.1323792716437
699.30206757922
1006.2815742798489
675.5877226414284
1145.5215516801534
731.6453351534251
1215.58828113243
1113.248119013905
603.9197593319074
787.2326965531878
572.6840821134839
978.8218058658043
506.44089816902687
455.26836521844484
863.9658517400542
1258.1384822767761
805.4085411785704
764.3240370738894
1576.4580370444282
1094.7462564439907
790.885606498766
842.8686092795624
762.7880097457379
1087.5650448238407
1281.3507993470573
794.3472187561049
786.7686789461468
1168.4807187556662
1032.833013129531
935.5022054795095
1110.5509796803988
1139.9661207970985
725.6155007582678
968.2788622946438
1057.8873742206697
1170.8367116774673
1077.3430382602592
480.56447916157737
838.1557497601941
825.1933080115481
667.0104345021412
911.8101336834983
1312.3018608653308
990.5070900739892
756.8348818131195
963.4656188678123
823.7836525894006
765.2368461897513
856.4104890293881
1159.7751155499875
1099.1398097058675
511.51718016922024
1431.356783600932
784.7538271474583
963.5218293164087
548.8490232339261
704.3138394063244
799.9470654518537
860.8710416135198
895.981211305471
767.0336379493438
1257.049061119221
749.2899163525616
659.2561701315019
902.0784965160639
774.8358325952481
976.572161704237
719.5608369551936
1036.154549299076
914.5173083662065
610.0264677240214
971.5394530288653
634.6238709948118
1020.7931431149538
789.4619994196289
748.3902454442232
801.5640891336598
742.3450082589601
1019.7045376799496
1023.2576445848811
709.0963185367616
856.6094575890041
1068.183654502672
561.3615728132102
1085.266468511017
598.1565852201394
930.9138294578274
667.076503400117
798.7214189059919
946.9122392487753
712.6555538296086
976.121714173742
899.7734199069645
1148.6560701692024
1171.0606978879468
1243.7444190554165
1179.3998258840193
920.3178746412178
1053.015367763874
916.018519739541
867.7607059792507
1019.4194452588462
862.6145349349101
823.3789892399396
1016.6874761218598
917.1776653251607
895.5489135955345
870.5745085844532
1188.5676104601994
701.0588721268109
1177.1251098747537
879.4011664172174
868.8092670413185
746.5167221173011
923.4563375825363
516.7786507867033
688.0229005796953
673.9804341890034
629.5254806422089
998.1278196779076
1096.1156675672146
1256.6676801701246
1042.3022488662602
869.3213825563106
896.5172060350242
1426.6846898338083
1185.3800917382116
943.9739312381955
778.279479203628
614.5579121825238
1040.3650856608576
928.8957029816079
1249.0521110349198
553.0808697162905
1051.9494317234573
1084.9791009544565
905.9561345660695
810.5405214827442
551.1651589262615
557.8891520239746
2224.104212386913
704.5719685147936
1203.9095442314479
869.590178892619
733.829987446216
1041.1676963852954
929.3711658137045
795.5058317972761
649.8191563362547
859.7381217694165
743.4500157736151
961.6247733851859
1069.7155812140204
638.8971516360328
662.5781994246236
1961.459561557191
1636.5511659867097
1131.8393419554834
1019.1546857682556
765.3783393362065
723.6563149045136
995.5158672714587
1536.0294531048144
838.4181302925597
1014.0893708137205
1225.5215472550653
542.5366937608027
971.8212581828574
641.5497944562258
1013.1149168693145
1191.3129750003197
1430.3882938364393
838.0594918740023
736.7380131204256
842.8671768252394
666.276387842637
745.17971521164
768.3546393775238
631.4006132690283
930.9116442022
975.6504134436534
1271.2730489504734
1611.7963603288704
916.0189272910886
1103.8321774957692
823.0537752709797
918.5151649550476
987.450605641992
2436.553137524846
1268.8048045189537
1748.1531710737431
900.097518974263
774.4026742871229
1466.7491269662912
939.7472813000962
895.133011629656
1745.7488043501774
530.3963711184794
936.1239867478557
790.608980982412
854.4481936742147
588.6557351697453
1028.1965849669834
839.3468348485001
865.9988320315042
1628.119230433014
1058.7849508877612
1016.2013889505249
1145.0609480726655
1153.42560194732
969.329161175813
703.5823717587242
1610.629781541467
1022.9482706647245
637.5854799604924
931.397176826775
739.9059336184515
828.3172207439507
835.7091655757164
814.3369921191139
2115.0935391502703
1297.6685412874529
1075.7633512165248
796.5523058302676
581.1294469461079
3086.1420934168
975.5809452375828
1013.560409657447
1056.409613271757
862.8315118450529
1225.2780911993095
890.3045361672996
950.5247888636014
850.6173885500745
663.7524456438907
855.1713462598813
1243.5874992536708
973.7265815741584
1098.4209380723041
1060.395350728455
1013.2857695072497
1139.9187698218989
1044.157549145466
1780.3717811292186
847.3864543515909
1335.0991777023553
1387.5345187885453
1289.4679695406808
995.2811851031018
777.8286582788878
1031.3362490777347
710.816772190857
1313.049105516083
1021.0033367421069
601.6549780862863
1172.4452688887047
973.9436810792255
793.6912461631208
1421.8721152078087
1089.2564272973543
753.9892141405905
869.8023082065422
885.1280646870806
1046.0063991188258
901.2179724466645
1229.7229165323433
1254.8745911070887
910.4953844577511
748.1621018657563
1024.6568142588087
622.6131753841454
1000.3257754012875
940.2897272874047
954.2517258876146
731.9283399646899
1001.6503987163856
911.838125587478
1210.9825472384634
1039.8603923454134
691.2508757665978
627.247450394203
826.1048967353169
1001.6712464520683
605.327561925679
1019.1861855982008
1172.790382343482
831.0951422335764
877.6360402008797
608.128620850623
817.4705930104827
729.9464474803073
772.9060219157508
927.0498058120047
1061.1466269725186
1255.2248273231874
1695.5642218793084
1183.282060898713
1033.831493804846
859.8124217367806
1008.9051434670546
877.2861535809865
1041.5740656953205
1402.1157243370028
1212.1778636558245
943.7191142833622
896.5996898181578
1305.4801005380111
1539.391182761883
1138.483239666643
2523.3343776050583
2080.6414666956894
1005.1491924929878
1091.2041319441971
618.4435800251146
1153.4112965098602
1361.7403621119731
1125.6684063293826
1769.9033109612596
1952.1092050790548
719.653830891179
1424.3974502659978
621.4314534531396
1104.3260575914699
1110.7408557330743
1122.264601463838
944.482132949229
1405.3053605264313
1437.6850252495933
707.8170688254272
1404.1218366150601
875.41736664456
697.1374984166575
1161.2194935907487
1747.3690973241626
1095.5453877701823
1123.3864930172685
916.520919399752
962.3253818322066
810.178736255919
1705.1778473704867
1644.13110832128
749.5030925045155
1407.8873381999442
1066.074369226251
1776.1321084626977
920.4131026016338
1348.3763112364743
1719.362677861239
656.912888452552
1312.108375701023
825.6819041689477
781.8692447034999
1212.483937380971
877.8970846493854
1138.9012190354308
911.7876130946739
1002.2481113115709
1041.1874823888486
1123.173542726442
1173.5003431918046
547.5070051336781
667.2834018097333
1048.7317693401315
1273.6222433327318
1411.5019776507127
690.4493134426062
1024.0971745120762
868.657124388424
1765.0220508402458
925.2305462802467
1658.694974397588
529.9390896780254
839.9497114330647
1288.5016930502948
1014.4851911436923
839.8933381308674
460.9639442479133
642.9493916837192
1314.4974896729773
1050.82210968542
930.8273325223444
1499.5428665449656
564.8460861140351
1915.5499692428612
1242.5349298285596
876.9557675493558
851.0515558979284
797.4646379551159
520.8480191328998
1040.7472095052922
930.2131282087273
1028.1412580608592
1373.669784954948
1501.5838465564461
1131.6195283878108
749.0136713719692
860.8265463444716
1538.4064141162046
1745.6299531086975
967.389825977576
1000.9854055447458
1581.7251764654907
1588.6072667337194
1519.6376799491356
1082.248525516937
1282.3341870077936
1078.2455405859234
1155.3807587894908
1064.9801956482695
931.3428014469332
2785.5999734852758
1136.9037373958236
1118.41883414031
1224.932016335461
1403.1169277724564
913.7650714104276
1256.333749792821
691.7632390193359
818.9200214853847
1425.012141734008
1000.7291170545267
2074.7349404835545
696.0471057311695
1694.3537637143668
1303.2008272508074
719.5843138935428
753.5075108626189
941.3663806945372
1271.6094913653055
703.8485721374758
2115.501458525389
1183.0263171543993
1170.3241457703805
1397.2671950721308
1227.0423648343408
1012.2655363298363
1205.2476909483948
716.1978010570242
647.1260010301077
689.7513031208617
744.1367296438619
1291.833988537801
1168.897608808299
805.6563111816442
1139.4518523660536
1272.5141726777842
1207.6677784883698
418.95000950054646
527.8584037585555
1435.2517628974604
1039.6481358036976
708.4234809814287
1223.3670988374122
1014.6041102455735
1416.2832830808788
646.6589133603065
1666.4577626207777
693.9675362118252
991.955361707293
1150.5451094665195
622.8842341242946
1328.9910168396675
1077.1099181836894
861.2739162640507
747.7029285692414
1182.3358214305003
543.7819647663121
2127.6924242168006
920.0926014646997
2480.737532650511
2020.8268212655878
1379.080476457162
1016.6958014732455
1329.6756150429403
1875.6134138167977
1296.161033251391
998.7659232276781
1155.829805441213
944.510893146224
1422.5001509554495
1226.2666687820308
1632.0052714511244
1057.6431128380175
1082.0646432546116
968.6852869653038
1340.874851697482
1028.2669779336811
1220.3645297800167
1408.429494975683
1024.169823938982
1175.766013623982
587.8126939917456
428.34711706175864
892.5068292450572
1125.2565174715448
884.647609617221
1133.8122144371428
1285.0858200552086
1000.301171261173
2396.2619865648653
977.8722656072058
1179.004269557211
1240.4842205635837
1223.6026949699817
1017.1150918735543
1304.5762510418513
1020.1826328456024
1681.7419144363532
1996.2497678112234
561.6220340245505
715.5667003647233
1242.2164850381675
3080.0886384089413
1598.7420910195547
657.2437101974754
964.2484756748313
1622.5612111362484
1222.1449292921773
1855.8179433229973
1231.1969380131543
1229.0548752788961
1194.9630558792323
1858.3357812681145
1906.0634275718455
1257.3176191964963
1123.7445356201865
1934.4911904192381
1507.447171101369
1750.7015126584788
3387.9680752446743
1643.7036845255532
1077.6365960089752
1021.7993722712503
1594.3324541283243
1750.0304111461164
550.5929208955108
2208.489298410698
2072.1233033393983
1835.8214775429149
2964.720272781468
1355.1217134699334
1803.233232395286
1137.4037984309286
357.6885783910475
970.7952454296178
2197.68095821771
1104.7607349112639
1303.834415601264
1623.2564187320258
1100.7307930086413
1035.5774697933211
1083.7703852592963
1473.2498101251658
681.8491866768597
1284.2704179010086
1228.1543893872627
1649.1450070297965
618.1803325390817
1153.6719954952364
887.4223439224714
1273.7301169003206
1154.4387405954865
382.06244137049754
358.0069136550688
1666.904703490029
1164.5092620156277
1177.5879339304815
2055.868567160007
2125.12991764633
1397.4067170519966
1423.7254807061383
2369.364485733098
832.1760538540186
945.1741625572962
1973.7177201564732
965.6225456353666
821.2141148783087
1298.184193355347
1580.1665377490767
1423.3680918651748
1365.084138932634
1536.5806681652382
1672.8944380080682
1212.1185798501283
710.7133476912214
1638.7425567684236
829.5723050167481
973.648151839174
711.5008354140964
1468.7340582060122
1475.640878803158
951.1329873868309
967.2600500516531
1628.5328996349454
1294.8349059417187
1162.0785315657556
1405.542870711296
789.7817132608916
678.1459822221639
765.7087124151599
884.4046418258453
1306.94030792898
732.3725396533807
608.7995507989588
812.105346574755
2987.846645341669
1137.187809119494
1794.139023547298
696.5774539513437
1308.2943828699483
1510.3115838396698
1356.000872246382
2597.443223033842
1374.5048027612536
2498.616758452419
981.9555674833488
2280.3966032127255
1270.1372120649112
782.349742762488
1001.0616967504582
1218.5142995221775
1227.021060636511
749.188812464654
1115.3156048018418
980.522026728054
595.3261272951394
840.8432798606983
1794.9550745611914
1249.2603149247982
1430.3135846740443
1503.0195331803955
954.8654974602682
1346.4638223213688
1127.6172918609077
994.8977877326536
1399.6349545479372
861.6144680628478
1256.8514154045595
894.5679967096168
2353.14678416546
1202.8620572758666
1166.6974614118499
1038.1886921941743
1033.0243770785905
1719.690365608144
1784.4809692580097
1604.39713709933
778.794604163773
1409.1816740519853
2458.006003241387
1069.4703864199398
1150.9829055041616
1820.8029844599507
1570.9647062205934
761.8987694581483
1744.7018708416017
1290.031359842381
1896.5689411272137
1192.4573747097788
1746.9341787289045
2087.7280244263043
2673.528816694954
2706.4229161171074
1370.3813500913755
1813.7658962646096
2510.9237687580976
2129.823906151014
3744.194121067517
1930.3931913811405
1384.2329345648143
654.4127074068466
1023.754877862788
2378.2167135779523
1819.4830335720717
3428.1868229236907
1461.1515620765597
612.6987479202663
2378.0362440400863
1577.7728014878546
1513.3862098548518
1505.1236700066877
1239.6302882528307
1244.5811747215625
1643.7040639605239
2193.429429169778
3804.808892347179
1462.9820940182349
2093.2078857847255
1253.654170835548
727.667598822499
1087.4367667106112
1296.5296342081483
1188.9192621361237
2180.3967543998974
1701.4906430066917
784.3255068763733
1046.8374390470358
1417.2771559359544
1040.3567199012605
1313.930317112528
775.6958116881718
1285.1245601138207
1688.8779473455884
932.5767434845887
574.3128716050114
1028.702656656387
1183.2861757576022
756.7610590472539
952.5112636014752
1868.4166045493466
2241.0717545700218
1199.5506519085288
650.4886884086891
900.1972641191626
1104.968834158373
1175.5783216756968
1013.5600877442608
943.4665975443531
727.3348778730108
1981.6526166451708
711.7540117716874
2173.9050067036187
1395.4864630487207
1260.4112131343118
727.1829261970806
1372.0188847307725
4614.416080450023
1825.7745172850266
1406.3208092217517
1956.3073514424445
2383.1365077962078
2351.5750704130755
1581.561954639701
1741.4098991769536
3343.295445375325
1331.6544424101896
1856.0553399514783
1453.4070743543396
738.7709500863357
745.7990941479442
910.513024450658
1453.501204456434
965.8294790757443
835.1609655742363
995.5069003107149
1301.504651376795
1375.8448327123974
1093.5516028901052
966.2868574376744
922.5390687827262
542.4951969970103
830.427180974895
664.3456519784801
662.8487524650594
1786.4994260789015
709.6287378619933
2149.1851240611495
981.4648205937501
873.3024815276563
1300.4180257043508
2256.374201211905
980.1521890816284
1159.7661255879075
1844.2719107167115
1247.4716125612033
1807.8371131915935
1265.5705538868758
1083.7679676751243
621.2044989485901
2494.2329356037344
2064.3877820057737
770.326532165296
939.6362540418752
1308.505995378387
973.177260772273
4586.077063065567
1383.7405354271154
1132.6727946632088
1366.1136585602544
1557.7579688867927
3868.7213844688436
2330.7199100681287
849.3324019319724
2604.8152955225078
738.8300729422057
1435.602702360155
899.751937542299
868.4944054998939
3112.5550866028684
1781.9779262508753
1010.2715124114487
1143.780729304929
1332.8732482856713
3066.9883395825473
1170.9635957080702
1080.8795647233835
2808.7645681367912
1553.4202005758884
662.3425650765707
1223.056705075755
2785.608563251998
3997.4406251520704
1334.1122713461002
1460.958586157494
1943.6743097069393
1008.8361846599179
1555.308543719972
1747.0873256931452
3122.1534780961397
728.678639007723
1778.0894177927892
1834.2650047270731
1988.3014161569079
2472.569406273779
1059.414014131226
939.4180552431957
1099.488660395468
622.0428983691078
1562.1345717163872
1281.1101656080496
705.6410312410299
1529.8054379233595
1036.9266022775444
1481.339343149411
594.2060466199968
1660.0589100533339
2105.8926260304943
1879.47371784364
1659.3106988871334
730.2841498823362
863.0213766663439
2152.3937395489233
501.25801661755594
1095.7203360186675
845.8100967946177
678.567847408881
1015.2233116745375
872.2516327766238
884.8832967676037
3453.675770312153
635.365675203105
987.3524717364932
688.5483061442083
2200.616333947026
1980.634119837819
1097.3518218795746
1257.4702692921594
812.8778996055217
1011.1517994102139
1855.3305442483017
1028.2773480927651
1553.6066171520647
665.0198238572452
1086.070095492831
1266.4399139698633
2068.896198705148
675.6978278197679
1692.4238511755152
1107.8058589833818
892.5595586349264
2796.339302289823
624.3234275765341
1631.4558360255505
1979.2248738427215
1396.1824191055098
1476.9616334184682
545.4073908766434
1973.4686514237148
1081.6246264605968
628.9418385544559
1954.174003741331
612.3223668856026
504.02653497786247
882.6660806924106
1103.4839841284584
1560.3156411464915
964.4223937957313
731.4457226964705
1363.2086973381095
2105.72408437947
818.8847733621599
1112.456892132606
520.4103778415871
730.3837249404697
4518.4554411941635
1762.3715662236011
2056.8780565220904
1976.1053608305479
2358.666087279571
1353.2802267529219
1667.0288020865328
1218.4374151285742
1001.1080903327528
1153.2075201059263
1737.7535209428513
1206.0222155752867
1587.5132886113472
2999.279881492871
1641.6460223646466
1779.0499237474662
1065.5010359106502
1681.2462607088962
1097.3806858736714
1803.3312035184488
1619.4622019449669
1141.528833357991
1029.0962587657566
1235.7074421827965
1226.9949012020547
3781.0347306881554
2325.990795342157
1057.629456634356
1288.8484894065743
1399.6612290360013
956.7461773142685
438.4613252448119
1421.2987762551402
749.6007510984381
2416.8693059290867
725.4669448857331
1542.619696922618
1953.1481339285795
1605.3292643807736
1796.5563436514335
1265.0782435744768
1569.4091991353134
1459.6693562462206
1881.9382349895225
1211.2941510435382
1314.3605477186427
1626.727798287783
2110.470864308071
1267.3778870592325
1475.0309575979759
1520.1342205025253
1434.712297444381
805.4727180290904
4113.265263860034
1558.425482640236
2084.652401301039
2161.1915837627525
1342.8087264631906
1734.464020601276
1832.3191325524372
1311.4915959604837
1870.8487365012468
770.2486265314078
1213.9334239176296
1243.2869654711249
1303.1748628831544
879.8936199309067
926.7887856004487
1379.4228919070956
1848.63655649815
739.8981010930198
620.1778173024273
1803.3875605808241
1009.5979949111777
796.8671603056279
1553.3323544334862
1787.5764639665645
1275.7397552676866
512.3480836231673
1661.157302055425
1674.381774846164
1955.5321338383817
1243.8043093092656
1039.8183715344967
1686.9913842310098
980.2602930138487
1415.4151065210835
1025.4798384123067
443.478492090787
428.94395177610545
2789.4133187307084
578.8241463498196
1064.0413261553851
1246.505973830853
1522.1715931702788
531.1680953125165
664.5747306882166
1212.7992405924106
890.604979747219
2390.9607258702363
3019.9659585994787
2813.089482038967
2811.7130889367854
649.9449045427009
1569.5564086333368
894.7475350616536
1660.1184781404456
1543.5357991699948
1535.361465942058
992.016857496931
427.6113400962822
3086.070207567882
1512.8803556421599
4077.595158507428
1945.0239572916155
1251.2479578628675
2418.649099225111
1436.7258251386063
1274.0200479104703
1358.624709129372
3796.424077190742
3527.0011938419784
1277.163065769423
4723.115363191949
674.2704987982772
2322.3478796547997
2289.921575046169
1876.956439351021
846.3915285800618
3738.2918416900197
1530.277456767258
1187.4918825721268
4004.6238881887843
753.0040427184533
5551.56800571418
2708.9692788428006
2035.9126318416475
1076.4502917647192
2908.0440381824733
2580.560198347267
3833.3013643680724
883.9204642200876
4162.154564209126
1079.9944319814265
1129.596673420286
1304.072452549015
3427.615704689664
1319.019839576817
1906.877949087244
1754.8624924399676
3078.0253384490784
1928.5349038949491
1342.143377165601
1175.241665716422
2142.8481846642594
1974.0256398912684
1697.4947029876307
468.16979789960146
1867.362268788534
2134.522817480693
1915.8310859590788
2807.699389824014
1201.4291545141557
1192.1241195592504
1337.0849427853932
822.6468709423849
2665.180677603492
1047.1750038430257
1017.2055085448316
2207.0857455555624
823.9271176018233
1855.5373659448185
1799.1161687815581
852.4280372054528
880.5228157927316
2049.662761429195
2680.3960848292554
4397.97904328178
1616.5907780866921
1145.4140921366316
1866.775052556004
1864.6446718125
3703.596089980907
2515.5990535578826
1502.3530677097226
1725.8557254322411
2048.2147941649246
1732.2363427253458
1775.1371985876287
1374.4668748451236
1051.3808823873678
1735.198824665538
1265.1607459583531
1044.152046806576
3073.48998297035
1778.162806765762
2789.695818746089
2954.971269640478
621.7610700836365
978.3913285433407
2956.3244964175624
1655.157401306752
2790.664495116806
1838.5818562638813
2422.1924811178465
2712.5779735807837
2176.579660819112
5587.085148736353
1842.3741939695362
2279.1110022927646
1599.5119655289216
1420.1183839172545
1616.3299574527452
4935.3572716169065
1533.0254035220626
613.6465111990735
777.2693004959182
1227.895960927494
1830.792210208741
1254.8951391294106
1699.0483228115972
2547.057843607944
810.2853644856956
2911.2402495837673
934.9203451979891
1185.7762975447793
3633.396442196929
1619.4972419150583
2839.2650606246834
1563.6184921119984
641.1361485669762
1087.5835462254115
2886.2194536962375
627.3834643259762
3388.151074147215
764.1486261774529
4416.715440879483
1295.244424958918
1432.0641754076019
1850.9200251998222
670.961438623644
1616.8953902093735
1627.8568710548384
5693.961457145892
1861.3654846755164
595.3157227523689
1156.1995992974216
1373.548024402302
949.3810320495751
999.9400640851095
2107.2644363067698
742.8082042780389
3873.027407968402
3188.7050937858226
3765.8259249506445
830.6058595924742
3561.1703992606353
1538.479277468072
3703.175009959227
987.9950961848434
3262.6144012396185
1627.769510189494
909.4382103072383
1816.536608542979
3438.770794385339
1424.935730726803
1247.014183780768
4462.367293630539
2080.413003707045
4815.053967302874
1407.7113851923295
2685.336790375212
1544.7577210603445
830.8055863966263
1226.1243725260906
1877.020022316205
2021.1576872142555
968.4914217118874
1292.0402502182174
4449.566445766378
2445.511338966596
2102.134887437006
388.83855504840636
1562.0399819751656
1909.5530666217214
2261.3389413745167
2737.049089663971
2040.5201424203826
976.2380556197752
574.4221018269865
693.9145608711983
1161.7493445832652
709.9988022393532
4488.141355430382
1512.1910819269808
704.2230818301535
3374.094839650366
994.6404923637648
1875.0033870006594
2495.087833801799
4365.571584047922
1521.4274241413884
1703.674015422164
818.9424238997999
3601.92115426977
1765.986004722342
502.03287183837926
1021.9826683619409
968.7428772360522
734.8992589686359
860.6937287701198
5670.381404086195
1552.021295605962
2024.108518053838
1424.430406419919
1097.710681312025
2692.5056612163803
1758.11892661804
2056.752016928602
2036.6452699588715
755.5364022850164
872.2294008770293
2026.3715445266098
1024.2095847492799
1546.3437759411202
2463.265365854701
1290.4245760193533
894.3672994109729
2195.9907448080535
667.4712066538244
377.17772009845834
1114.0841795426556
481.14424928349956
577.9497783633092
2805.2850954960886
3739.3091798740384
3534.347120278251
642.5200607288042
2294.6095900556397
3398.763595793853
911.9288711581768
1732.3582908574376
2956.895984715183
943.3202686827103
1702.4583131396735
3213.8151774855573
3351.204181686955
536.4606826675412
1407.3992698609213
5616.343467927974
771.060527107191
2954.9006691293375
2926.0562028064837
450.2158880615008
2511.1300017387784
2736.4497835719476
545.5043401660108
779.3248085898836
1928.9769228402388
1731.3069319764345
460.02459159434454
460.10173936643645
1570.8503346684254
3828.6057287752296
226.7019528174976
492.42770305104534
1347.277709564267
715.7538796110018
296.61301233706445
936.4855803650374
376.0420851164839
1168.5781421137376
939.239538994264
356.7779155335814
428.1322276551909
1013.3083684899281
1803.0730465497172
389.65802982375965
545.028821434376
1658.658876656112
2037.8399612087546
978.4211319896511
1911.1544853197988
3628.4927251092117
333.74455069824785
623.6266530483873
889.2528793555499
1410.0814481593306
1885.3416778739409
591.0248335967151
1608.3497841265003
2120.888707478751
3000.6649591217474
2050.3835513211266
5618.9641695964965
5632.990147577662
2826.8942070945345
2032.8939079696327
1501.5054499123462
5708.832858345286
1352.9854190532121
1007.0505658745942
1189.400125591488
1977.6183018921897
1479.8899953600867
1091.545500170135
1065.4830341818963
1578.340472506357
1370.0681586010137
880.6190504598469
1058.2344466808972
999.557919867228
1427.965297656608
1253.6001189898725
1012.6665258419366
1281.933369859548
1901.1610467236508
1230.1747151706625
1881.4227141179272
2062.532962793967
2590.4838391092526
4870.355197890818
673.2723773881474
1058.7242784852804
2867.647321769813
717.8784856105289
2120.73530134113
2591.5448857357583
2152.0583748750164
877.7955917287297
5603.374150640411
1227.314516981727
2210.482803861046
1838.742848199617
2445.36152619386
583.9146490743558
2220.4345530760506
1297.7219738204649
587.0858091652825
2183.4687034108783
2389.3397387813175
996.0350041661183
528.1313228859528
721.5606130442466
5677.842915979788
4563.564764763628
1118.2659393281099
5916.543253207328
1787.78482318342
2860.718286330038
845.1109298790809
2583.358282569012
2226.7415783848587
2012.122748447896
3441.5610152135864
1545.74731137752
477.70070922674614
581.0467391956856
536.3263637218572
590.7660669852012
685.5509043550849
3247.952576759425
3422.6413945689137
2049.091415925093
3703.4720631638284
4512.487987228011
2452.280983072974
1826.811720955512
4953.64249391404
1709.7426584276413
2505.294524445169
5618.124337577712
966.9527000951138
2173.9620923993466
2727.1872412964276
5209.135609216348
2675.0108529459326
2679.7136499312182
2278.4626900002577
1249.1430920577998
5078.12926841373
1366.1020999164236
397.3397236481558
2806.5138805494344
685.5031674698225
2367.113650242208
1986.0379685208163
1894.2293037742286
1995.4378411176729
4031.9814447389613
5032.799812065624
1803.6538944174804
1736.4953288295858
2437.851595887617
2562.5871093708324
1063.5424445297492
2380.6355986628296
1699.0897182281628
737.9241101882645
1924.9139225978429
1219.50476617005
2843.235845694266
1559.7124902081673
1237.977964796023
573.7073792650342
840.6883472954486
538.7024801969008
713.8393265061483
922.7403906870503
2486.6178853504152
1480.8008596256493
1550.4680583277354
2873.6572810015896
3329.341473556334
975.1401444884651
2023.363971559196
715.6564711503038
2371.0395411670893
2125.3247845444203
598.5559000133711
559.8195333462857
2318.497790043533
5613.282518887842
3903.786538513638
1608.3809022256587
1252.9501611162277
596.1577651320346
755.0428672680301
1460.5895713393222
1053.672779090319
646.5179093786043
914.9008862761248
3303.0432692215845
4249.428370793246
3107.7070108204875
2456.7339940306742
5274.470350253848
1286.5422334840728
3199.9000857890387
1767.0402513021668
2490.1077283944333
4202.163941032597
1541.6631467037744
2289.1020283940766
5860.517810300949
3122.6870588963725
3802.655986910383
1547.1409490527728
1424.5577549336638
2640.829291756488
1365.2444427491541
838.2044911409185
4932.800639020131
3573.565841705343
2489.928026562723
1294.425850437526
1779.5210557131618
974.1368197764352
626.1214713848972
3043.7136039923157
1419.8041764218988
772.1523080025158
1936.6148754452936
1335.6383195898316
680.8821754028821
693.0859841702181
1065.247262177107
694.296933426476
3737.4993194108465
1411.5220653485944
2597.8107071767154
3407.05590041937
1184.259919529918
393.2857964714133
2019.3494375892114
1053.705347878367
865.5339123099465
1251.8956327737603
1765.8027793826675
932.2506296642158
1982.428795686877
1658.3549027543013
973.6437463352626
812.5174905610584
1127.3968118156245
2511.2325380095804
1162.6697588142624
516.8488871766099
971.8434845843061
1182.5640428939846
1492.6305259389449
342.051813275774
2050.523166017024
806.3434139333269
2150.228849549492
802.023017547062
974.4258569909557
956.2801769663753
1001.4261725274123
1200.4453887656127
1638.0842572367196
890.6668759640038
287.2191928655977
1464.2300868099173
581.0941584432218
3444.418831143364
5723.587589356201
3540.0596521527837
2381.357856887111
1697.188684962075
4379.138140256935
996.8702525530242
2299.220094744533
799.0865936686648
553.7986561699497
5682.60281214542
1390.6828424260689
3681.5874169184717
1945.1725457176258
3677.6937845724246
1050.689051642235
1508.495499437288
962.2174535515901
2229.649633368461
4377.6258400185625
1388.6565009673236
1141.3002684835635
1491.4774941033043
2116.212849015178
4380.240839618991
5733.44359025106
2576.1827132017665
1052.8417671509935
2958.323566540113
750.7260304342428
2665.7818092363345
2973.58836115103
3667.0666659173335
5107.045961376153
2535.9999716722173
3387.7927546902138
2227.9154883103283
1934.0356139888174
5867.558420596621
1194.38471127191
647.0907881327747
1933.718713236424
704.6399843383238
3528.9032763818086
1091.5120712376195
2396.9904148927844
4935.867790249177
735.9653294869366
3180.1554973030147
543.0446781852463
5082.599464163053
2356.0592677975183
6077.23432585234
1890.8813609466702
3635.51997753196
2015.935282573827
666.6177581769499
5955.092498586646
3657.4289596688227
1534.341306098563
5684.837954473282
5733.511738713646
5858.747878430547
3056.734533615356
1238.1669028402107
5698.817496281963
1456.5521025124776
3838.624722847136
669.4834100317966
585.4958501923787
4197.0679837288235
1834.3049717857548
3726.030088053739
716.1460435914447
1341.3261432308898
3497.981988704909
854.5455841806611
6029.160962152453
3577.116485898696
1280.196196587197
2720.4234641812504
3376.2356402134988
2509.204386551298
4203.149075032565
5875.27511512344
5230.333795292215
4792.065970949386
2998.278542655835
5971.696813098795
1786.2130166049785
4431.982001083662
2110.8989288143985
5907.391001174116
987.6966364172351
3521.6648473524842
1349.3186411750999
2931.9828517071055
3763.7820210853574
896.4916153021359
4075.1630417985093
3513.0875063182575
5717.700976118993
1124.653488578449
900.289176132444
1920.8352780546982
2151.4277066529803
2641.2701585862337
3945.272308016729
1196.488967824818
4634.961753281837
3164.1541330110467
1321.1650034230097
706.2087872181033
2029.7222121376963
3172.292602485274
809.3381243782878
1705.9924513351637
1783.764155779193
670.1713906757508
6005.025135834975
2422.5356112838076
1638.9496370461402
3991.16186411167
1054.8401478912324
429.8411822289607
3753.0138191227375
1291.978196104216
1310.7334033980587
1570.3221655782813
2201.8002348836835
3860.0372036598114
734.4567338345381
1908.895046931383
2816.3680012719365
1296.867305566892
1252.8045695603264
6003.165341102531
1771.3261149922473
3887.424999976169
2655.041890743797
2039.8962512556564
2304.8064242767277
2152.1410918140673
672.4120223349527
1827.6770862188303
466.465694309441
3335.743086483696
1379.6724242653688
1425.8544186687416
1857.3441361061248
3358.951281980904
2710.816866806604
4848.989849634897
1481.0771433483549
2811.3893282609642
1456.4911996146925
5810.633102814246
2551.472851475771
4429.3057544495505
5004.868588836635
5293.482501292722
5802.849445494122
3626.7317454547665
2944.1454035692227
1243.3121993364448
5935.680533145051
4930.245052088999
3672.1814043741424
4588.257763324374
4357.119055192336
5974.167045119068
3032.4710546841825
1633.2653779094085
5700.358168033399
501.58002267426735
5942.527452395584
5288.151400865041
2434.3062980537607
5900.819537832706
1292.4935817121186
1591.7176927383507
665.4397794362286
240.69799739898644
534.3980911139058
2177.8179023153184
2252.7680497630486
2799.44189878582
4839.2774335790655
4912.514287340675
1173.52737948612
6047.089556887081
4590.410130817001
5847.343599656943
3385.757495894527
1600.9194334838203
966.7193545027085
3001.128916815378
4015.395077090642
6083.027464379403
1867.2059854086588
6326.719863264905
3622.113838561856
5978.651586811718
1899.214759918334
5068.156716517264
3088.5016864541094
837.1307819025693
1938.5389526612814
4567.514351209417
876.5513437275497
6217.030700216709
5151.592790078984
1882.3764036056334
2775.3962150025227
3503.001315543758
6230.839621831692
3766.3999070417026
1637.06938924765
2577.1616820960758
4515.652565593303
6132.12205856138
2783.566910337679
6211.771380279774
1906.9494782648335
1306.3903680163419
1063.5818720820523
5112.285261735885
4953.498393295392
6138.8385424129065
3185.244786058978
6054.5917243990225
1557.5079686588124
5302.552263818986
6156.995500197018
823.6300338106889
741.6127298970925
5645.309083151764
5414.580347477243
732.4310327127589
6070.916165449232
2674.24345528025
733.3181094021647
1809.415760655364
4364.761038362136
4129.076699645613
2637.424712977142
6145.612281122014
2800.822808777502
1966.1282474248812
2214.7312546092267
3547.706597715374
4230.065811514225
4442.766827317034
564.1713452907516
1810.598587616202
3585.8579508876282
1194.2777403647212
5919.170129140618
708.1962431145188
6098.092885224695
6350.844718009697
6105.719820748025
1774.20038213951
6475.277757679476
6319.850360897615
1196.648211981734
3242.3428522214217
2678.444187432881
4650.82913048969
5840.616710588005
4741.382394345384
1430.7314260429246
2114.6451259966084
2473.3539666275265
2021.2244361863918
6262.373909366528
6207.143601901897
2917.9695054513572
3188.9212536611803
2532.9639044200585
1957.8546379608392
1496.9549534657224
2621.252143824477
763.822188442984
2876.2344437873294
1102.2297482054848
1071.9933728887675
1008.5460823114468
2885.5516007811375
271.24453222540495
694.3510741522779
1629.5079847537604
1474.2423558859075
3639.097509285818
5983.349298637611
2070.5231028091043
1465.8678370764337
1617.9662676070166
1285.1770966511704
1593.7155231069414
2366.9416964644133
738.2058600335441
494.8403965866973
6231.0454563442245
1205.4481301602584
2262.3887027735514
3463.2597256207687
2788.9262762837507
4676.91684925437
4084.6630385545573
3683.5936242001094
1587.5098148847512
1558.903042228626
3005.9226847639143
6043.492907378974
1943.2105245064677
2192.380416482721
2426.214473352582
2740.6297670375407
760.6266404956439
6162.41759641191
1454.426883839709
1527.9803973323865
6223.494173459473
1335.449888858406
6553.97475367481
2858.6962462894835
5327.3492632237585
3160.8916228340827
4245.503326955921
2103.7131595904075
782.1195996406742
6239.659636994637
1408.2432870197485
1760.3426891043075
5252.106807709759
1160.6761312972765
6295.458280751936
4117.654069806359
2303.508539689705
6415.610085813637
4512.722627537901
5151.257742323979
3596.7000279726267
2036.4799091742732
1650.3997377257006
6391.316481552503
6488.437104475407
6535.81625765181
5131.559982430696
1291.6489682159352
6521.624553060673
1785.5902056446587
611.4779013205746
5822.795515087667
2176.199769693706
6537.706896112866
723.3923556418633
2259.445642432209
6427.3883297818675
2624.050544435279
1726.0478912013562
6523.393951567896
5053.797118437652
6382.5290979338815
5014.604958386573
4275.199418665048
6477.351315483281
2780.1170707105625
891.7760959225061
684.9815645550966
6622.429670010513
556.320961536275
4759.740105830566
6280.983932552756
6648.536469960094
990.0953150239961
6407.220868648248
6369.3478999731105
5023.281809031852
3174.3883918919614
491.0904387926988
2718.0540955524107
6440.866661979001
820.7556819540198
1492.3904967836254
2168.815983776124
6131.855443138045
5912.751893034306
6686.993824348474
2507.845104697976
867.8011793801483
2606.8442084762005
2351.8705858792805
4321.825540504493
1434.965690692424
1114.2108753351524
859.6151592592969
1563.0654214139147
2363.0410947695104
504.5847667418977
5922.082175161735
2756.8626460561873
5612.407928370063
6383.044514447639
730.8209578355336
1125.0728490424374
6389.913504754941
4182.646584212965
6447.426757157801
6410.376149702817
5353.821276860714
3265.4267659921907
801.3651011261117
736.3286282827705
3706.9442390490526
6541.975820756256
6503.43400868429
1073.0264197411343
6606.007637901759
6530.671237794065
2159.8341679967007
3749.3094460645343
5494.423846284503
3947.6448411526767
3140.2309247297903
916.2505541443157
694.6634399372691
6398.381159569728
2970.974233418063
3028.9366865307206
6640.964852633829
243.71420159131526
3514.301368485037
908.4109765764482
6657.424205058917
959.3343121645929
475.58621002621044
768.6893028641847
5152.307366435127
6562.808903411585
466.5478584635097
2318.4954107227236
6606.9800865636835
6559.188784308832
4992.751899733152
6296.308455293656
605.9078400262476
473.2854922520153
6608.682120055449
6522.215608561775
3030.258824275955
4351.701548141151
1559.9218343365085
3806.332842178249
4124.449111171088
1581.4908816669172
4494.065154993246
2989.6206578535957
6391.461654216985
937.0958293169444
6331.548790134502
3471.5012726194796
2544.8395172077867
1296.6588577836412
3722.219094128761
6446.6417111819
5520.595038231039
4094.0205028534056
1733.6077226970126
1044.5690165266742
2604.597165796053
3565.4989637814724
6463.398136137988
5661.070281491536
818.8528957376932
1021.0473867560171
3310.065849593109
1889.0775173604914
6409.564787635958
1266.4762019807097
2905.190680929974
3051.6519722687804
532.0138667320269
888.5334110660267
6432.789324724491
1857.4966349475571
6509.433907703631
2046.5957675394734
5442.1158640270805
4872.34915787486
687.560757903356
1428.7983520457055
1755.3002977630256
3760.130408454813
6410.511537691591
6483.214002937279
5065.605115892219
2179.8345766617667
4251.787275527572
887.0359596125328
6472.894537507111
2138.9070920310874
1287.7346333991338
2645.4621113292633
6612.344283319745
968.2620638489115
1187.1031078088836
2344.6563318595545
1382.6578652644796
6464.867724452552
6318.0390661440315
6658.773124852691
5215.591399514713
4782.261759622144
6602.0313963661965
4659.4869042401915
2417.4700295550756
2069.025615785299
1987.0766060868193
2394.425170696033
2301.4494048138913
3673.1955690987666
1012.5546587377202
6191.479049155626
6411.96576939283
1159.4845400888246
807.2322710128492
5943.487342416809
6303.880077239369
6513.176691071997
311.3763116467752
453.2428732893727
2249.0014913991668
5159.7939033023595
6399.118456435558
4182.767553052439
1238.6057142489512
1641.739584609501
5220.852461393761
2048.7171519125686
6296.179594788375
1096.8078563496977
1337.0139214147564
6447.5247141179425
4058.281717668249
2593.581457572537
1141.8881186579647
6304.777021298523
529.4008066701815
3108.3142880804953
6420.006155775025
6442.004442264308
6421.1388750141405
6467.811873291323
3805.940350560043
1854.7701357162573
1457.9103454257993
6459.267541210643
412.6165969232452
6369.0716489170645
6569.872854412473
6564.024211009897
6471.824201859791
6506.850030318734
1922.258866937344
2883.0020917171223
6600.12174113953
5556.422903735953
6447.3698538430735
5720.821076263884
1725.5584950082282
6394.8761058126565
6447.51633499211
6725.4524776271555
6665.043554746502
6646.34912687248
6244.161498432447
2363.8696302105172
4988.948098955601
445.7774029973053
3463.4630733444587
6661.380805873839
922.4863934145877
6466.6309315505805
6507.167088032222
6459.077563648142
6073.628248652998
6357.9349619766635
6564.092907393671
6529.402667318659
6632.860903590147
1835.617710731195
6531.780453330348
6365.908359323282
6630.741323206799
645.78015670936
772.5642376786141
2629.6154413652093
5445.644944092667
1324.7942955869287
5112.251380680956
6649.260288246249
6549.7296490678
5863.127818664105
5973.051187933224
2166.638586706514
2171.911706267664
1280.9460373958307
4597.741307102819
2160.1662160358937
3155.1352492028536
4429.257330633228
495.9664674439609
2470.519223562819
928.9103363288066
6530.361773171732
926.1677796909352
872.7370623075313
6477.920476836612
3313.4651769122406
691.9395899171591
438.7186218137245
6477.227959604537
2231.1497490764223
1449.2550767474108
518.4740290396293
2957.1777888616625
611.8768374726998
6312.522456551753
6406.6398768121235
6528.730889237089
6534.139168673099
2082.3398840543828
6429.65017548796
634.7041908199707
6419.0385596049155
6482.44273666958
6541.8810661010275
4324.483209718144
6285.892331058629
6362.1257992234005
6631.406894881613
6606.3016266101695
6499.941427702759
5810.966590338547
1662.2680219649972
1321.5432654569695
6318.001079725342
545.0188772074401
6462.501839282608
3261.7251078841628
2707.4558303695003
5702.3348847137095
6559.700575215734
1718.8717310613172
581.9694241425896
6420.576921177754
6067.314974244036
6520.312157991725
2819.473917139161
6484.090380870718
6466.19916491621
6201.144749099558
6558.116570442506
6445.54809977277
984.5555417090037
1805.96885565868
6128.054959750162
4769.236130594879
6652.89407901491
1410.4824278483945
6515.094421362703
6638.33436668324
1426.33759769583
6513.9054892224885
4792.905206718507
6528.232208230104
6517.823574166147
6538.2885801975
6658.31590536184
6504.151221330001
2911.0765186641693
829.986534056675
6672.549689775593
6489.17102154478
6563.96865012041
5497.137014163133
6519.255629955565
2064.869513608772
5543.987761803145
6582.4761564786595
5013.610470510966
2236.4723184036993
3967.2546978775094
236.48334017240384
6393.283861492131
6429.114344948313
437.8209258987175
355.46846356143556
948.2820519340834
4338.2281092105
705.5159530384356
6295.815062083241
1654.6218734462652
1089.0871636583383
1581.0049347141878
593.7280680247334
282.55799013988076
6548.493237528611
396.74963340079313
6248.28927288992
6491.63748950585
2459.7223660572736
5093.445270023492
6391.745592927591
444.4943816836212
736.1075451333226
6402.582650561274
1477.6376815986075
2529.9132767333585
2196.0154196549506
3418.5532776761506
1169.6913071628223
5033.380378063949
4778.339437820869
6418.458814562462
2750.930504272868
3747.9863072800063
3233.247655968669
2083.1207991675924
686.8005090551735
1208.1604661982208
6660.465119828422
1174.2180064650029
6769.143923308043
1595.2496691186002
874.978733200193
6809.616759855199
6789.104978777896
6595.329496956172
6571.232140350834
3918.4208561431483
1494.0718579692225
6663.196653359037
6370.533830391329
6566.418605110763
3355.6752129988195
965.0547540233199
654.7830100163151
6454.839058386455
5615.786060904413
3319.5214828584585
5266.664443669556
6503.567654331435
6570.442522405963
6685.440803598646
1160.7173850762554
412.30901994295203
6316.304221485783
2531.0067944984717
6722.195836205032
6735.243467607459
6217.982691527754
6612.805237524197
6801.434957308339
6493.3171542425325
6846.184449179651
6734.187223379309
3889.727464164261
6653.623768005133
813.6149545013282
1659.9059049974555
6733.260926585653
6829.867608965724
4584.123869236814
802.0639055183084
2520.068367110526
3627.400270677883
2980.6162061761875
5505.606920207056
6718.942592849571
6753.87779798466
4516.373599016727
3565.479549050734
6644.833593597147
6661.112807213192
6705.703653200528
6711.443549547813
1629.424674390477
6848.021896469562
6558.698547465654
5552.295832347036
6622.646859465881
3902.5800182166504
4230.600511200317
1928.1600506725538
5418.724824983528
6675.872321823747
6679.07940620184
2417.739525626393
6789.606745703197
6685.688337811257
6871.830137282503
2477.7743778020626
6662.722912230345
6649.142999305586
6699.522719587874
5667.688463761849
6702.019656514688
6589.0785421051205
6671.5633778571955
1082.1973467318512
6728.725426855307
6548.2159905880635
6595.327441466362
3256.51496238112
6559.418712546849
6653.65024549897
6776.900553965361
1039.1523399736056
6581.000076648941
6670.725066109433
6562.8734049689265
6611.696676701078
2371.8948247905405
6654.0693305545665
6643.32412556264
2966.5548352905407
6422.105566914386
6736.989656716536
6711.444291779114
6736.41628568072
6618.173375539127
6591.0383071336055
6712.933100366206
6782.065797395764
6811.215251583158
548.3737510440124
4645.44853125739
2709.6182949189974
6662.740448660475
6652.086081563145
6798.2996836893535
4203.248271817306
6712.780328388422
2758.626865841512
6795.6081017504885
6690.226448434294
136.16020929985402
1343.0897587477084
6800.111989335607
6688.174633413505
6713.932593088101
6792.60711559914
6767.020681221177
6717.579348330922
6627.728394692629
6617.855822814536
6396.646507710182
4814.553347570341
6572.890086373006
6681.8280623336605
5283.030998525809
926.94648400649
6648.083798677643
5888.260288760993
4099.906005932436
6497.615242899272
2568.2179142979444
3567.3430392063347
6371.530372711191
826.1879535621596
4764.4011879805075
6601.948881089367
6653.990285633737
6651.506850900915
6522.700421124826
6167.17733660733
6732.811884233358
6731.677909874915
1591.5993592776906
6780.335583612871
6777.286497118639
6731.458495864767
6823.562682530944
4955.292829810391
6801.074130168246
2733.793763665676
6588.111909698942
1027.017045310623
1392.1342086710804
736.2051966045973
6719.474048084852
6770.680575680769
4996.7848529614
664.5794323716996
4427.014968548019
6710.232578071809
6719.77694073144
1375.7058549459898
3834.0622407913424
4798.0730710593525
1413.14217219862
3928.6765533279813
6814.396686782367
486.51091682337017
6988.661013147963
6687.198631561897
3060.278159477707
4789.98499665309
6691.032201897661
5936.830853471536
6812.528056945082
6790.642624583634
6595.4940103932895
6774.259178502249
4370.009295593856
4486.530386942874
643.0741945273205
809.6403917994825
4562.872189182082
367.4002262065896
3270.49097607646
3268.643622495009
756.2991461738774
1603.175846094575
6628.8394875115855
1197.6191532341034
6699.414063022052
369.31913138577954
214.75045453072252
274.2472296495433
1256.4752433578396
3939.167121862758
6624.550407301961
5312.028742405586
1468.7005914908455
6621.161338133924
6672.682379625212
2452.3296718072024
1527.411992613579
1519.5230275383728
6449.952324853694
3500.9970809720385
753.2066286896667
999.6130548550035
1060.6607111017236
4253.757752537358
5059.609261836141
3662.013698188107
767.766804227254
1098.2461934418588
4185.891228668365
6774.04260068829
3794.2696276890842
562.6868395164234
6777.520187388519
6401.450237047205
4924.6327421641945
2237.8758203275315
1561.948698394592
2532.559193215795
6310.337465330791
3339.7182412464667
2328.284672478703
3178.5125109214096
5462.723820668505
1800.9489487255767
6604.04310359109
6574.913389282061
3008.0188315081914
3032.8286350862763
6714.027415130799
857.9096734138873
5487.886100847377
1767.3506091610136
4899.488555428585
4828.044905686191
2090.0501259138546
6667.958576101275
794.9035958063454
6714.270329003802
6727.437560278439
586.8452660202507
6799.184713638612
2253.2740105102744
6779.031449347146
4328.884625997074
6636.627204036432
5655.601032531606
5519.045254552812
840.6423997598984
1892.5607605006785
5757.192602940603
5176.821714589281
6873.048366225937
1638.5179572862285
6843.9788312884875
3171.051563268234
1678.0927248705814
2878.95626085955
6739.562920940031
3800.405565749045
6143.061139736854
6806.387901358546
5625.859914330595
6611.359643711988
2283.6024976133613
6630.507098957106
4728.744496605711
6745.456946705252
6701.092376132906
6834.5944669128685
1603.7637968860104
6633.704300729309
6737.1640510583975
1956.8678579177283
6733.25227503064
6799.97873034155
6740.6361397919045
2007.2439251777814
6823.747868353354
6789.6457363759355
1627.6900930649517
6626.889650739675
4328.5759071646635
6672.26361428537
6776.6293597212
6673.191571044387
2452.4048286004568
6694.102862492329
3434.31753082162
6795.752397604876
6721.325694246485
6618.906419832049
6965.56695344035
6816.083825046499
6736.474150603877
6786.896190976752
6195.24175506514
3708.398217167775
6919.415245303478
3622.079439551143
6764.271360444178
6773.8668589754725
723.5210681278893
2591.5919684444043
6184.1518102427935
3117.2725856996117
1636.3132688203473
2724.2187659048404
6863.123498984187
6790.882681551425
6775.120775910823
2485.252480079048
6791.182443738805
1584.1290573270987
6806.018241208547
6579.3417075880025
6765.2243436360095
353.7467736834594
6736.117470736312
6683.906225226017
3264.8781705770607
6598.24037871308
6717.820265486051
6723.1160875098685
6922.301523016538
6758.275691573906
6762.340819827086
5521.2313609284165
6578.190584857257
6898.355469173484
6650.655467393712
494.0151690992991
709.7745716603008
6731.052065543691
6794.034314318013
6854.817205215297
6837.424906461589
6726.799280987599
6919.104087027703
6853.152825318768
6650.207424026693
578.5028302686748
6783.929601593377
2330.524368306999
877.4082577152409
381.4336562279034
382.38069971240463
694.5526953685938
694.8059210396128
1289.134540599307
523.7693751024062
1473.7310370015828
3177.6616286755157
297.0716514892003
561.7548423339322
508.81768437442236
5030.510257380257
3147.691193360906
444.4965826180249
657.1566430781804
321.36879703413496
513.8469837585889
6434.249068152828
2626.109498468199
3018.733429455652
6677.378954907972
2795.7634254197465
1079.1272504471196
3549.718775756093
695.9746792546952
1254.6093506705458
6460.5548486123325
3257.4577029677107
583.7434306232819
746.8799090703603
448.14921256927107
372.7255807463302
2834.027020993961
1726.2118321123023
2111.6914180446342
1919.0893901836687
6653.646828449226
6031.623523533548
5549.972699319033
928.0738644864568
6726.84998983202
6714.669353619899
6805.614657082554
6846.7334257576795
6775.24549238039
6739.023155187921
6800.4377182336775
6752.5785429532925
6983.813285095505
6843.767760229591
7004.198679620418
4730.688404749128
6755.6121866347485
3265.1783274633603
6798.218558592892
6831.838366931834
6853.696146749209
6755.020123057566
2735.6926908014902
6792.098510706845
5958.435436635718
2448.8607597277733
1136.7339425650737
6736.462486648699
6791.6778938908765
6928.987213946548
6887.004430923244
3208.6062267063667
6821.653524144172
1548.0687271687182
5135.66614845277
5289.245168237464
4293.489567129268
2929.564057208291
1450.7490339783524
2962.9034215918423
3156.2897165123413
5863.126291109965
6801.5025635680795
2261.975671143113
2716.5597278634673
6712.534814162965
3323.3759585137436
1117.9739684271487
6686.965346764017
6805.452377898358
937.5594620226627
6852.020234638255
2999.8552256135667
838.5301341256832
1760.9799615163743
2608.382303030606
3500.8563240723165
1619.5757658111984
3552.3181704202834
4309.081184231139
3577.4985173979867
1541.7444394095148
1527.8355334793514
5947.594141196604
2217.0003447089002
3640.4766108425383
5142.620476189975
5459.97758443336
1100.2445506255867
2482.419116468265
4804.758928373924
6859.804400069219
2918.9706724588627
6930.142175404291
6792.145019327784
2167.241303488972
5533.355473936128
4922.363925051587
1743.1236628426345
3110.550356597947
1515.006361990426
1758.335436473301
5338.235494246036
2368.4307654784343
3092.8273606074067
6802.706235463244
5247.618018877931
6593.592150877166
6416.720998902789
3679.4525908053306
1832.5378551640338
2927.164596023103
7017.630278211281
4579.481744060585
1716.1162432757146
231.0265295384075
6847.940906139687
3382.086528271586
6992.712034723975
2906.629979756931
1176.746771319299
5147.603507811185
6974.236627187419
