inf
99.37827432500117
81.59524802379703
75.73229928545025
70.32504944254752
70.77031878359689
66.50248110948836
64.72301453960588
63.40707829509387
66.54049434837046
67.16460393110101
71.07825782067196
70.4683013434019
68.51874693283763
66.19910989180828
64.80761671523153
64.75843172416651
65.27033924201861
64.16991784869997
64.14751501661851
62.73412711244619
61.4664851346674
61.994796195820456
62.47703823799804
61.375639268243674
61.47235376007913
61.185763425293786
61.97549788667167
62.03427724140221
61.45770445655883
61.54034054886012
61.605414106079245
62.544169231475074
62.285760057969924
61.51606627961608
61.04147702074615
60.60446891950018
60.69960281604389
60.53789969974465
60.85794301391683
60.475783335942516
60.78154307162389
60.86028243530092
60.72001208308243
60.37146653211121
60.03613645406659
59.90766441797472
59.40080389985561
59.10564444087047
58.822306212663605
58.365252940524485
58.288935481467234
57.86044923076796
57.62594744790581
57.91295909391191
57.68511143640843
58.465100958297164
58.39402018163991
58.170123271614436
59.051074972432325
58.825605031416444
58.90528481128416
58.534014905562806
58.77318598583531
58.56209763599324
58.63900819239508
58.718012846774364
58.656467042704215
58.73443517321683
58.812403845933616
58.88587037810449
58.695048459379414
58.38234996751579
58.45857544295948
58.534567103354334
58.358598028762316
59.28888681295721
59.10819116789857
58.811015074763816
58.639228185385385
58.81819513323453
58.76122517166823
58.708804993383694
58.659601892228075
58.60861603931757
58.452838055629655
58.191583077300564
58.041272552356375
57.89899610891777
58.17193769582373
58.02942882983083
57.79001330000568
57.855255663197234
57.71449723265313
57.57925576051083
57.445696493276785
57.22347631948006
57.00364704677102
57.073650151272574
57.04909663187607
57.02123817064307
56.99691919661594
57.24550851580003
57.13129241634107
57.55879958554867
57.52923792122658
57.40944092692407
57.3789931593895
57.437720504914004
57.58317654383982
57.636500475882215
57.77691403090115
57.99957820478223
57.88819726768559
57.77844998355199
57.66544206599691
57.79975870290174
57.8488851263599
57.74510307299614
57.64186439920228
57.61551421383679
57.508931479930034
57.564222499123844
57.54042706988839
57.51568842779327
57.41526516408873
57.244793495876
57.07700138675498
56.91262656395509
56.89455490414248
57.02016766545917
56.8563005168368
56.977259707930905
56.82020403973533
56.7311750040216
56.783979952219056
56.836141439517675
56.818693829834324
57.00173191067978
57.18196269768937
57.16145707631856
57.1423905659823
57.18729955748715
57.29551963513778
57.34390755562603
57.453871740029506
57.56134534787348
57.727641063944795
57.832446251816705
57.933719746991464
57.91026004976561
58.01219289719303
58.111090540934846
58.14965718929012
58.187845023671514
58.105969971503754
57.9616307723635
58.175403466836556
58.273197940355374
58.19198417114468
58.111115441575734
58.03272007957532
58.18413467128634
58.27489692973335
58.25157425318687
58.11714434469786
58.20649400019703
58.520018921155064
58.494923362644904
58.35988367761051
58.3358844919747
58.31365380291011
58.23554947657091
58.21142087106961
58.296543945010164
58.22355288571148
58.25393312033042
58.23314386456696
58.31821123741686
58.24276718325696
58.116060279450934
58.35277289663041
58.33338734218879
58.41394826524607
58.54176691053243
58.467377847720925
58.546420627908205
58.52529129479165
58.6034260461934
58.53077978909652
58.50948659569933
58.48846005318175
58.61157083091558
58.54253705945966
58.569603607684776
58.50046604727366
58.526155922773896
58.553564186616974
58.4390045113022
58.37305335710005
58.30823523669571
58.19812939584309
58.22649593604697
58.25476368226654
58.23808402572522
58.40107020049594
58.3824543345984
58.318975469881806
58.34573172878964
58.32838433139002
58.35391547970658
58.33590640189549
58.2740262475982
58.21294722233865
58.32554788808049
58.221462281925646
58.16012509270481
58.271767246940556
58.168569497075154
58.10806095169064
58.047763712366255
58.11805270136063
58.060927317111734
58.00211047846266
57.98520557326946
58.05194602824889
57.99516143906835
58.021921746932996
58.045934634153255
58.07128195232018
58.17765754547657
58.12326293038648
58.10758330916362
58.25089023361661
58.235406600839944
58.17870790270224
58.280638156351294
58.186112825397444
58.090408727989185
58.19236403667603
58.10020743320753
58.046216763141395
58.03202172079067
58.094383006246716
58.08110621570507
58.218666143383444
58.2031705976596
58.15173338173648
58.13731083238285
58.08505038629154
58.034756788415955
58.02025993668176
58.00654313049472
58.06829287128502
58.0174499528888
57.96701658668578
57.95231464291376
58.048843600606844
57.99787778883316
57.98263099171158
58.00463857753153
58.060261319871664
57.97671879727911
57.89267951206204
57.986928724360155
58.0074299885327
57.958597140330134
57.87695443401123
57.79612564037329
57.81921322722685
57.7391193257697
57.76153474997213
57.816701662850946
57.770814847906934
57.894570848738056
57.84831316887836
57.801975500117
58.026336385956384
57.94766490142001
57.96701517218153
57.8874159958071
57.941973141452614
57.92908488442471
57.91580546285443
57.93639769777997
57.8595348724189
57.782307571270366
57.804211688963406
57.761195590099504
57.686356469626816
57.61051769925851
57.59787020019816
57.61851416190163
57.6079236537691
57.56629066344432
57.524761160109854
57.60935007848918
57.59895821336715
57.61977238503877
57.64127110655857
57.724146193521044
57.77397462400572
57.70175335178485
57.659649866628996
57.61685793187735
57.72940904170167
57.717549175037966
57.67665525524291
57.816869307370624
57.86787054829338
57.82616128444492
57.81500693678627
57.894314546554774
57.852635532977416
57.81283086862843
57.860938588841826
58.177284887195995
58.54902517517742
58.94805614645636
59.37495003793437
59.915191421069096
60.33623135356119
60.925081538362846
61.540676016363676
62.15241407978156
62.58776812778518
63.020233002871386
63.59206390244976
63.90731098280297
64.3059295981458
64.73043796245811
65.1226538711649
65.51425316653788
66.12625085902926
66.53995646424119
66.83961007663457
67.33224970147225
67.76636956225055
68.3902038968155
68.76370484279259
69.29980043241981
69.58576638961726
69.97874876169796
70.50509695815471
70.92207681823425
71.30812668696902
71.71997624459506
72.07565200216176
72.45568157770268
72.75342558838194
73.10334700950683
73.53070133645345
73.90116494335457
74.35078874829543
74.69162748960417
75.05621541771353
75.62878026195963
76.14525343055689
76.63334157416095
77.1434899514392
77.75492510061818
78.2348534905005
78.71137928022885
79.08199843894472
79.42637744952684
79.99871152163156
80.46550877091606
81.08152810475765
81.54408209353439
81.9778410908433
82.5348409734001
82.98718381838093
83.51414295737189
84.11297398883852
84.68407057034923
85.17809367878093
85.64239216475285
86.10392052949031
86.61365105967532
87.04636409958319
87.67288474688448
88.22325837122926
88.79588632569765
89.29160825609824
89.78442445376002
90.34703058174325
90.85822164045379
91.36692975905358
91.82489510957566
92.35381381203057
92.85601339900211
93.30622874686878
93.8264848341673
94.41525006601591
94.9059933733384
95.4435320332858
95.85845162710147
96.390458135816
96.988962373387
97.46709510029176
97.91955285731132
98.41702437216703
98.93444678292387
99.45061928145765
100.0336082222097
100.44952402901397
100.88821239040561
101.4163086268442
101.98803800449397
102.46556084508893
102.89510882541742
103.36890830443474
103.77160658752453
104.21737255057838
104.72998846386514
105.2847075544697
105.67843015973371
106.1147997030964
106.52630720116446
106.93540525316317
107.41051274870487
107.88466034291051
108.26699685093904
108.802795630874
109.22410589584071
109.79836716911852
110.32718362482433
110.83179552871759
111.44244860262845
111.85288702573659
112.24123743392208
112.69267564011957
113.16422890351814
113.74083717452889
114.2065025419545
114.73519919673674
115.10977051804883
115.6349905683234
116.17862557288332
116.52708232451079
117.02390921847937
117.56092695051281
118.09482140491482
118.68883477476348
119.15466135550153
119.68154463408293
120.16368792889001
120.51785464727563
120.9332876370107
121.53385340826232
121.9877463411551
122.39749283111703
122.82650607961848
123.15005790120968
123.61690366529719
123.97724868772579
124.35653863633027
124.83744882707082
125.1725769123642
125.64931414362707
126.02215295930843
126.73912934700878
127.169717058183
127.49732269641483
127.96375204886458
128.38828019558417
128.77028832800053
129.23139374628232
129.7908585595917
130.18826469132432
130.5631213649608
130.9165801539744
131.26868462558406
131.59929933533166
132.10745330354283
132.51400331127826
132.8996397830603
133.3421362158804
133.76281858070445
134.24113363818407
134.69875978815338
135.15368086924278
135.5296380921504
135.86439544106102
136.37205054401264
136.81929957347526
137.1106006846037
137.61301338165055
138.05585847672026
138.49699639702027
138.91653548708626
139.41158505020596
139.82721217188137
140.28048979846045
140.7309901371673
141.10340999415266
141.62474308079837
142.23965409064462
142.7582357289581
143.23652357389167
143.76924134695287
144.4117052327861
144.90288003278792
145.33559245214678
145.80510739974704
146.32755878288333
146.8478328661148
147.34821912110868
147.7731495191493
148.214702467249
148.83711881454377
149.29292928352493
149.72913460817193
150.38192576853302
150.8684180559679
151.3529417958892
151.94389525205966
152.46043111487427
153.01168805379663
153.54295838574754
153.9993997443639
154.49020898928867
155.0509773587241
155.43084273811695
155.9881449138486
156.3823868019284
157.0425269740727
157.4691704623597
157.91178452031667
158.54659808628213
158.93223203842845
159.52801406704273
159.96343563314446
160.5555964596953
161.16175363355381
161.5912491038341
162.59519213469005
163.40296860800765
164.17317847862785
164.80277985423862
165.36085191236293
166.29704917691177
166.8501555244122
167.50437943054055
168.19047034550098
168.83932482089182
169.72672822751164
170.38799225776603
171.4219599730006
172.00949414547463
172.7647813604013
173.61974649265716
174.25138187233227
174.84596696426416
175.8093153360516
176.382032044118
177.18947792694104
177.97588870581737
178.74331626635836
179.3242739286903
180.0193699819865
180.99564183952631
182.30213969212798
183.53666867666257
184.20226263196483
185.2137808403697
185.92455870137334
186.43470630403144
186.99276952306823
188.07457676445534
188.89053854181626
189.55628748880653
190.49710765162004
191.15731537983797
192.61300608192366
193.2506478306198
194.08141601220348
195.10300050882017
196.89860367452548
197.62094565878277
198.87375887240935
199.65465385133692
200.24074124486287
201.01748077574308
201.83895826126022
202.49837420369442
203.47366000847586
205.37087683182023
207.81679978227362
208.41316064101633
209.35579531401416
211.84694528627094
214.07607443893863
229.48394273165053
244.8374154931689
260.1387872958078
275.385811047431
290.58077763383585
305.72401651430437
320.8150394949881
