35.96273519075166
63.41553913424952
63.81222172259289
64.00640180875669
54.10329991383934
72.55139614779442
45.16329273894561
54.0462151203111
54.19552458350971
91.60782277458314
72.78159017567596
110.2147967163814
63.75878009343122
45.124094006066294
36.04382835842661
45.32671224315704
64.02065685819123
73.46085952765219
45.46275416228287
63.7442640391523
35.87975693317191
36.11364557909168
73.08932848003477
73.08636316590496
36.043462963893134
63.7935015641301
54.02100505566
82.50859388249654
63.62131981912705
45.31366648094416
63.936787225597506
63.55762082265291
91.64557811874596
54.016666505805475
36.11617159393968
44.90544221916861
45.3091853758912
64.12442309161766
54.554884396672925
73.01958895245994
45.57155589494401
73.01193249887862
64.08859634605884
54.828657289906616
45.38400784034866
45.28161302010363
54.12642279384048
36.08522006637649
45.23314986856849
45.22207125873389
35.96964260570745
54.47306252860517
36.00765044510473
45.43185473907384
73.12457633223488
45.381337931220564
101.36452466217769
54.413496688832865
45.40799940016312
110.14627361986977
45.52287851147965
63.6860716033476
35.886550656560296
73.60179296273101
45.26353159594274
63.561283802112904
63.85331538142826
54.59444397407477
63.95829991756183
64.11427359067551
63.95506109789616
45.33751414862422
36.18075704519898
63.94680967490559
64.08195831217864
45.33688650895388
129.06054562757382
45.375322143441245
35.92845590338751
45.23985081386859
72.95658401331687
54.20362824636388
54.46277055233645
54.624947597467475
54.37679024774514
45.367487425844516
35.98490991932806
45.11456740715619
45.52094552975954
82.19079734354797
45.34613975646116
36.24261561574363
63.79231071362893
44.764721622596475
45.00179885127695
44.891125373276026
36.11255980879188
35.90003686670285
63.863951287923996
54.642851731017394
54.263250508576384
54.56502179390314
82.35302975339317
45.48125027152709
101.59203801392974
54.45482483173026
44.83075652515939
54.15152980072503
63.721546476035684
73.2924287478272
63.448809068502754
73.22240508298437
82.71530150558252
45.41353231286163
45.37700687645545
44.78253946471832
73.24617194695738
63.54755024750711
45.60260282943589
45.459700891527305
54.47984215534401
44.71900341112029
64.25443582157385
54.637384703162866
54.47283545009378
44.96278046472477
35.935834969285935
35.9351956375055
36.03702406836885
54.58138244812875
73.22421387531128
35.55357119592827
72.822913741259
36.08885583791966
44.89031325409565
63.859843010679825
63.87794222482968
54.44581891289897
82.07794898650742
82.05381130501277
54.311175705775774
54.473079118905204
63.519467359672156
72.66277066152786
64.26338018544631
73.28871429412943
73.14501848524672
82.0068156103593
73.23880886898876
72.92219703285708
54.4147651631143
73.30212001130154
73.04463474594968
64.01178773929183
64.0305836840261
45.497211937666975
35.58905490562475
91.5239438046342
73.62693028281114
45.36020863585494
45.25298744011096
45.4894621595085
82.56188393675954
72.9783827981491
54.44997797611062
36.070639352500294
72.9491871575581
110.56515580018666
54.303965091446486
35.67321659183305
54.28002211952249
54.53443666192922
44.8797096725684
54.06130072484663
73.02283573672344
45.52310856774275
63.57047417864486
54.57423485019724
73.37513623184711
44.81372554279458
35.435524498171276
100.96104398893615
54.824601988254784
73.07603626167291
81.9325789979365
44.779790290404534
73.16933496255353
54.59523533511211
73.21462455832221
44.87328345488185
54.48507304363012
54.49341697484272
82.12572937807859
45.288052939922565
63.7934474151312
45.08777932751688
63.53568164531758
63.92558389985782
35.87074847429191
45.31472482507449
45.40942927623186
36.17696122531846
63.92817051702831
63.96484841861857
54.85211374783782
91.65024985372406
54.56620182560218
45.242329338263715
63.884277322711284
54.72012567226943
63.689925477868336
54.55400006156633
45.21731369086968
45.2641938673143
82.30948969109383
35.94714256478585
44.972629410227135
82.38647256186364
35.774657776282574
44.91719805786629
44.84266830032464
73.58163028012099
45.436217398107694
44.94477229836795
54.21541171518299
73.00180794364327
45.218628873446626
64.06975132434307
63.49686003315134
63.85047049437863
82.5376683782917
45.61250145966689
54.48559080668409
91.49809670671029
54.62772016387639
44.91121253847988
82.23424776387733
35.878134720289374
35.408537642231394
82.45772750414463
36.07477920423552
45.08845594726847
54.611016514264826
73.18581408660937
54.854846114085845
91.78328849690668
54.40676189531894
45.4981782646486
54.57494114203868
45.12445975564748
45.511650917393446
54.3960470031312
54.56362477754982
73.62922755044166
45.15419159864952
45.156941571116896
54.20331898105017
82.76025677003621
44.899664162995755
54.04895733434702
63.704603304899706
72.52217432830568
36.17212040062148
35.874386785191845
82.77447155876334
63.4197637300859
45.01789236664936
36.15999455318522
36.21483773904228
64.00668650397908
36.193859833795045
63.813699284629024
72.76693505300851
45.289601183133826
91.67995907563565
45.17370888732206
45.05911659074266
119.94994087762468
36.15566368484405
63.34639044388266
35.67924578734279
73.21797392219754
54.30748465958527
54.1710085800357
63.76400018170575
36.03049246987867
35.772526743935956
64.06878934917582
45.415575216158814
36.132689773489616
35.69311306281868
53.93009547269765
63.6259070176144
54.51549527906678
45.367824498286815
45.31508717977405
82.5630810003896
54.52296613724738
63.80158137150397
64.0478901194583
82.50379719530011
72.7225037694075
35.9631504133031
44.9443973495665
44.650901702127655
91.94494642829709
54.10028984261062
45.16311579796131
100.86258331057704
73.57625275250501
44.93799875526973
54.35715916260409
82.55898118455913
44.84878329684129
45.35397092739724
72.96676273584649
157.82636886876261
176.01895617731327
185.4408740418788
195.12720752794957
232.25219264104553
195.06900975103355
249.94599085969148
259.7620979326258
259.74380856376195
203.64247968096197
203.571317405894
250.00893716500224
166.99310625831234
195.05283543059696
204.39368982120476
194.55390374441
195.13361993499592
269.30948476616265
204.3039229998146
166.92391661601854
232.36652402208296
213.63064278376245
278.6223746451999
195.0070245830564
251.03620531605466
166.81419183675
203.98573764121176
250.51618014635275
213.9461688255174
204.10928153172117
213.8080736255741
195.13946412024598
204.3259442903999
176.36834130477152
195.2259229820933
223.1047157677602
203.93389096565278
232.61836808748902
195.00770317159058
204.12034196843743
278.88929996932427
260.0097014511851
250.88080884079773
259.77660901704985
297.26014365588725
251.00907384811953
250.73718937216057
213.24613389409294
204.4359582908362
288.32831376775744
250.84650475975704
306.54460429076573
251.30139597459134
241.60115210052925
288.06779763684887
250.35403646128552
279.0159835230271
306.8781176944181
297.70309547385574
269.9427362322439
259.75432440423066
259.6385856707852
278.78206093942663
250.61189318477057
325.1242100740784
297.36523562224403
306.9671369781398
278.6573856691334
278.5330281582386
306.3877837272932
287.6667792440253
287.7282635385767
269.0574857616126
297.57427036454544
288.2116527309343
268.890214414885
297.24661496788514
325.21122095066755
287.76811315108563
307.2337640525658
259.75169118428136
307.06503558675445
334.59514468906775
287.76392040837965
278.4501979080935
297.40563031445464
306.4208334964013
306.9519636920235
334.9781513453118
268.47950997794294
278.5569987540141
315.8233806209043
334.68189470793646
297.2948798078263
278.58023277977696
297.6266947015277
269.2806009374263
287.8729493287582
316.4403606513134
334.9384110647442
269.07331134428654
287.6445297419822
278.1249338955468
277.93839098861395
306.4805533806626
307.02664990927485
269.2306667309358
334.9098807634179
287.4383479767865
353.28514703888555
335.0741772997792
325.79646658724334
372.19131116257546
287.5205321160124
278.84356254549334
306.81110430505197
316.40368542829424
362.8356102511587
315.83960663724696
344.18954737224925
278.0482952888047
344.6309324880445
353.74712256555347
269.1511395373386
335.1309156706887
353.84872904523
353.54227579621255
381.2427442478592
325.51583662247646
353.61772032421646
334.71745411805193
278.47621104724476
306.63183404856903
390.58731892897845
325.7856732100114
306.7834133140056
316.3114811537519
269.3954812604497
335.0980347969436
287.5738888703195
296.93346525135127
344.13249580477174
278.3261118914492
343.9949660620331
297.15516935706967
456.54826768916996
325.6706519095092
278.8511275595077
343.92054223307935
325.36934027347223
306.4040699016158
344.10651866559766
391.06092637508715
316.1743343421986
306.37090130048
297.042210990345
297.1098907537439
287.6494423361921
372.4642802674264
325.21870697786267
316.0769638795375
343.97043823823
334.42830660175565
362.87573111340134
353.90168562346724
353.51579979212636
316.3650623107359
297.21743761598293
381.56946526966357
353.2878298334198
278.39163958192006
381.7855841463889
353.7214197756856
353.7723015033901
344.07115052939287
381.98587097885064
343.90012891452125
363.2930820753919
362.82765711966954
325.07881934491576
399.6846209704372
447.23551497438837
400.49330997069075
381.42387035080105
409.59541010451153
465.64364814938483
390.98145483370973
362.5572269702665
381.971126042716
409.64305588362123
409.5862448980036
400.54366414803155
363.2128613257703
372.52360010189193
465.6470395876354
381.75626846390475
372.63005550276546
484.610999873401
400.43896151008965
400.3981441154262
456.2849251798419
418.9929363272162
438.0115254766595
428.7409903363325
390.8924648662147
409.711016350215
447.2112978345781
353.72057078121753
447.4571828215572
362.9651361557532
503.61611734987605
381.88364530133595
391.1693930636467
493.7281609160447
362.9325927238352
475.29248923254994
391.17228723315907
475.5851561847103
484.24352730017546
390.9418302335043
699.704713642617
596.3711583062793
577.7758790016662
503.52831993282825
466.1616912413624
671.8435720333057
466.0806895221427
522.0937365520815
540.7378371689865
521.8161594335145
653.3615848353304
531.4381527766423
737.0023002063544
493.97822066119295
587.4174623551331
643.850569233422
522.2824760733321
503.05693771063534
708.5409649345202
493.6670883129005
625.3219428937124
615.2202817610483
606.2004674877098
503.4986495099616
568.578063774595
727.7078820617552
915.2474350017152
877.341957985136
558.9316594671452
755.7100503806597
587.514050168412
475.1782494084534
503.4146147169199
802.5410898723025
653.1727898601711
569.0331872733005
727.7054206180981
568.7961359204874
1026.7237783770115
559.2570115821663
671.7731204228076
783.535670560032
1232.9616302865468
615.1346125595276
924.252609562243
652.5737416293251
540.7575168834604
653.0798877480345
680.7603323178081
587.5972845852757
774.0158558056497
1317.1399353115664
1643.5735716984268
559.0733455817543
764.5676177098366
1681.6254289178096
1531.4914036655534
9350.94197201717
9349.446763073865
9349.15363806334
9347.36494326289
9346.780863130969
9346.237628154075
9345.246781944208
