inf
9.940647940791347
6.983378402761097
4.576009710874237
5.388420902307158
3.9844581528207437
1.852132065049031
2.5491349546564797
2.5696291714669486
2.3215058421499997
2.755136436959348
2.6253162195459123
2.711105880790029
4.050407114970917
5.2494636349818995
4.879819922479488
4.87350266278464
4.159599496346774
4.014598208144778
3.7698985701276864
3.6074741192520854
4.064118065100728
4.324998806730589
4.035451213003055
3.9194137523712644
4.036315157718989
3.9696120182781294
3.7419616669142615
3.682473789130871
3.583475968960386
3.4823643368660813
3.7772908500894693
3.6530096226999067
3.5493631396240537
3.2963781894358353
3.2134748881943787
3.123746639629797
3.0665880654360502
3.2443015964683912
3.1691312848772912
3.2163719349150823
3.1212945497474283
3.1473203248034944
2.9940432300067714
3.0171456679186295
3.140927621035846
3.204134233922289
3.186882664496476
3.491274121132594
3.533735793454884
3.5166447159336878
3.483556280624669
3.4255076090421346
3.4368461705545994
3.465842543639536
3.489593123330277
3.457590969713663
3.486303768308565
3.630565220380935
3.6089498552943686
3.480274528996225
3.370902844823194
3.2877936908374883
3.15144162724288
3.2225668029461363
3.2278569423713845
3.2065239008215882
3.137303774308852
3.0354047784202605
3.018358845140478
3.006408708698983
3.043775263290205
3.0803507837713813
3.024624803195257
3.0685056738747662
3.0902004980533273
3.0259840653107983
2.962468389090771
2.9003661582616913
2.9210675416383793
2.880445358280814
2.8634911883217766
2.8508519922025575
2.7563004621345915
2.7633329349426683
2.8085468687070265
2.729889806111435
2.687489813131529
2.648763970422153
2.58911013442257
2.531524901837741
2.5345756504920827
2.528558599088962
2.521281178158757
2.520695440528166
2.489493784355452
2.4716682624756685
2.647344449378216
2.719436697040307
2.6890376981856905
2.688337339138443
2.64232448079416
2.657618778805309
2.706881219214457
2.6767714676322254
2.5971878409520324
2.6760766394662405
2.606376145147759
2.600311256666179
2.549657735251101
2.497721596883824
2.518644567562424
2.5798262905775777
2.4952528050805918
2.4835268444187895
2.498788784281105
2.5152702428936538
2.428329251978779
2.4328136857514444
2.434538818375806
2.3966002111482068
2.3658441343017276
2.3297867713398897
2.308503040744077
2.2261305082531715
2.218685170751705
2.1872346799234053
2.1878077545089583
2.182632679539784
2.202658770796669
2.1643502029924786
2.1293915984646654
2.1783705851730844
2.234707356391377
2.224467429359591
2.239424902556016
2.23011570449899
2.246762976986835
2.2087376760532096
2.193143569536266
2.144167706596502
2.0529140971975735
2.054110849634554
2.053864736130341
2.0936274376795976
2.129766412937384
2.1335808922923616
2.139666249441347
2.1249700193079715
2.088147830048349
2.075089551774433
2.0866739793829003
2.059011880312944
2.068058296101925
2.0453967109985833
2.0838275621994984
2.06558298572534
2.0630132016796447
2.0940573475376634
2.090139768240292
2.0872284451578076
2.053965721792305
2.0581509412868098
2.017038695998764
2.0968093712137144
2.160369245413531
2.1477140980897076
2.2042975820342976
2.1649563486463266
2.1404100111760136
2.1226162553651142
2.083959844777634
2.09766641086175
2.1175787982736254
2.093257558810677
2.0724536852838753
2.1876656117295523
2.218028319874673
2.2601167968958786
2.2389437069471274
2.302828820319431
2.34020394896979
2.3693807816151145
2.4405127583863524
2.478650704050416
2.4615081416054436
2.402618223353443
2.442886651016005
2.399567023943079
2.3799329817918773
2.329591708013472
2.4414831771991024
2.4154105032898876
2.4303637391329342
2.383693380570843
2.4104032731105973
2.3957451297607224
2.362590935127929
2.375670918447893
2.3409959087036483
2.317061654582268
2.3141316288908627
2.331650142226659
2.3550689125224125
2.344845729989624
2.408335436899538
2.417856260139956
2.400084450471244
2.4286856642733268
2.440590385564237
2.4339727259471884
2.422683328548819
2.432268646285835
2.437998186212276
2.425726431791056
2.425340616116495
2.421585531040327
2.4367847982832647
2.441614009263636
2.4417554037005087
2.417622448332452
2.484500863925853
2.522519655903489
2.5306671562998533
2.6165156674761745
2.6299132738533704
2.742297837331652
2.738200730770765
2.7300776407797467
2.7026872683453527
2.676725509322793
2.6697300998194207
2.6099121552300546
2.5810746356212673
2.591720220358715
2.590267149746416
2.5779147653112
2.549761961381628
2.548938677138418
2.5266209964871
2.5267543691634655
2.531383775439786
2.5087633253719366
2.52172040317882
2.5050486881216125
2.484020340021272
2.4676472259557904
2.450736605859
2.445395797047469
2.4672995170725125
2.4608339270119286
2.444427641415353
2.3966606156908004
2.365508680688276
2.3359263199890283
2.3731255302005745
2.3514596333244957
2.3423867432587504
2.403502456702634
2.3716064518451945
2.3793887589484255
2.3759662325874475
2.3760466934685285
2.4156878703187132
2.396976033930944
2.3676925069708363
2.416386666169653
2.387263916704865
2.3956873601984396
2.3887573045099186
2.3925666650205444
2.3771341951737917
2.3657705316241815
2.3391030207738495
2.3602882639663396
2.3590768546024163
2.3626712836590813
2.364124310569706
2.3562559288577023
2.3764264192501625
2.3914806621295788
2.3785537085774626
2.386757907714586
2.3934481343316354
2.3884378139980784
2.3903716379343165
2.364721391370955
2.3556880990346367
2.3915140294475865
2.3792395957735777
2.377663689479393
2.393544112184293
2.4641499963980005
2.447879847559176
2.439417613923599
2.49660009611041
2.4809784742422325
2.488969002417274
2.48742359618572
2.481744637965159
2.4586000468702878
2.475511393268357
2.476747080217843
2.4929571362964045
2.4824980188938577
2.474552626131849
2.4565529814168374
2.451277998222253
2.461647239394122
2.46061837557727
2.4659467864377347
2.4425598729798046
2.4314268535093024
2.425935465364554
2.420272457944412
2.3907511789024984
2.374514892105788
2.396333786193652
2.4016593149734744
2.3991399358351075
2.3870947471400172
2.3782637346777498
2.3756415079565585
2.361375381018821
2.3908365778826646
2.3936321865435284
2.385681289924846
2.3863833040907494
2.3850700099006956
2.3844385642449493
2.3805342554583153
2.3988759991560626
2.4131505836852205
2.4390066925840403
2.4693695591245244
2.485805600115095
2.4892413467649552
2.474105241737087
2.4770256111689264
2.510555711682391
2.500697729597113
2.4904588897763933
2.4846006598025556
2.4764382405661225
2.4634038166175976
2.456678915475524
2.4459574117829326
2.4432736002874273
2.4699063682921714
2.4978920002087315
2.4885481546140364
2.4875854124782832
2.4859200554073966
2.4818508281510274
2.4633639035104635
2.4623320817978316
2.465812922457781
2.471831768623975
2.4951785969031817
2.509065484378793
2.5284933718673486
2.5174128842265535
2.54643681010837
2.5391186124224463
2.527270163942527
2.5626821417187844
2.5659930612455795
2.60388468686283
2.6360348588942264
2.640637078014808
2.6353931629738345
2.706397476178626
2.7262198682884544
2.746344961206061
2.7391223175983526
2.7306572082243163
2.7396578828767866
2.7346124891702233
2.735702296198093
2.7334843384804572
2.745741788898142
2.7492071039059165
2.7574283400745725
2.7471223747573315
2.727680559355328
2.7188810083350905
2.713755664400951
2.724534773433585
2.710370013169225
2.7141435421260063
2.704371410761915
2.691468468946708
2.6945326552743585
2.693729754969301
2.695301170290511
2.682487853713073
2.7297929482365224
2.7270514656586453
2.7188409955768025
2.7263839211171406
2.7073514969080876
2.7182720552148836
2.724920316114946
2.7065846646685974
2.7024270324883823
2.694837560368901
2.6811332779648525
2.6988741396146003
2.6918647205833555
2.685146217590844
2.673427206624868
2.6970180289084618
2.743698835931209
2.728469938565798
2.736033146595678
2.7183166387777042
2.721423532105572
2.741493185644805
2.742889790453317
2.7729033717868834
2.7710984348185006
2.770020645850618
2.7479593455024647
2.755883092638181
2.7535476336806943
2.7459519408622017
2.755721475493514
2.766591080085152
2.7697825020594884
2.757521562414369
2.7555982939074557
2.764027852451414
2.7583301042047
2.7626323760218487
2.759205701786734
2.7499903399118173
2.752206521732067
2.7447247635649386
2.733982173741888
2.725825198870683
2.730276835286952
2.7711194778039445
2.7561366485414096
2.7527901543773843
2.755713483767819
2.7719573749929363
2.778210110435507
2.7576312480629253
2.76105900247997
2.752905420823593
2.755323646358934
2.7727071114914046
2.7736036162399147
2.7631129274139727
2.7509872747548685
2.758569384627131
2.7584328974746812
2.7670914949320338
2.7570335544512212
2.7472300180195326
2.747662885886881
2.734331178120849
2.7226664106989045
2.7197477778672337
2.7257927939718756
2.692971295654944
2.6712424137599227
2.650301423661451
2.626329744301336
2.496812000312841
3.3094090160291607
3.403492147471406
3.5063984163340307
3.5672690154763766
3.5547691245349213
3.5456011099930618
3.5429425819552436
3.586796760185171
3.577584871742074
3.596769243422722
3.614443228931649
3.623206188946785
3.617142754131126
3.673722868646838
3.666106968966653
3.6692676355195735
3.672015665820117
3.6854965548332252
3.6455128997502193
3.5903652797091414
3.514463275918037
3.450876356579185
3.436023843822264
3.435390302744234
3.385757426557895
3.505960698410255
3.4953480431239203
3.809172178118411
3.7789169122824537
3.7957785509760984
4.006704191807663
4.118012194544482
4.1825656806120275
4.198734817698391
5.0001976245709105
5.660661489118142
6.49431633820979
7.161702996290569
7.769085138126735
8.052775145552259
8.255024131940468
8.842365685689673
9.849053640484136
10.500197570157775
12.355021479152223
12.769047050318212
13.334245709501761
13.384156285412088
13.922158638872185
14.862041323319396
15.429287477037306
15.903262066220611
16.544564151237026
17.012606452576136
17.448260455074838
18.19355135071608
18.685830273184276
18.92698481656007
19.430098805041194
19.44185685051076
19.617189417049097
20.171588360592995
20.366629079217006
20.611730189339987
21.087623499029966
21.65842617217689
21.807520402717753
21.79464681873935
22.45996199693103
22.980639302232575
23.4166771660033
23.77777276212897
24.207453729616706
24.899838670587965
25.450812625186582
25.899657210232743
26.604067733571497
27.07455887198418
27.53090956469095
27.780815935474187
28.20083982559329
28.516697906367785
28.980100547983298
29.417019444729775
29.727305540242426
30.064267365560895
30.561658356676638
31.45484621650894
31.69665471916156
31.964086231231487
32.4694916418701
32.96192316594443
34.22391985657991
34.910212277530746
35.25237060382044
35.83125689944059
36.32215258774767
36.664118577955705
36.96113088210497
37.40398902129296
37.7651519672656
38.18363381904597
38.65560968764112
39.5785150440106
40.455805094794385
40.799020699243584
41.28277648077161
41.83487436502426
42.33761370431721
42.71587077448177
42.80544411390329
43.18704139914703
43.49141944304629
43.731144664167175
44.09513414737881
44.61723300426753
45.08989108220716
45.45635104683903
45.81391484747419
46.32141364568889
46.750484865695
47.11078129240764
47.129019337475555
47.48841910750914
47.853916736525406
48.40500724151148
48.56563256011678
48.92901610747784
49.39562015723728
50.58390568990348
51.00658632114394
51.41163572624212
51.76059220586413
52.06931057146759
52.36725175763867
52.774182011535444
53.37022612612373
54.00092882898514
54.44240956560027
54.981141223196
55.46125138066728
55.90462962225275
56.18031578165394
56.29835783253228
56.63935828795186
57.0896159881643
57.33867045482732
57.73704986100867
57.91037005786012
58.23814920074672
58.51579046471229
58.68984681048324
58.99258273491993
59.36148631525125
59.73643906641521
60.02027656290904
60.275475087299434
60.68825255388711
61.008270089368395
61.33390933845277
61.67666340978998
62.109121488391374
62.453280360095754
62.81621479891531
63.093658518175765
63.42833081947316
63.760755973007385
64.05499281263079
64.40682846226207
64.69677887144866
65.06911025942847
65.39934648935395
65.76842761576312
66.09376945695763
66.3233735450529
66.65067253305163
67.08410954313663
67.43123882827133
67.76319566276794
67.91133322645287
68.24065308503194
68.49457152800578
68.77237320254021
69.06883234006688
69.3469836200362
69.6556171657803
70.04653737375561
70.37060181135217
70.53360444173313
70.8119191896073
71.18480550772416
71.52320143139248
71.85353432462539
72.15365170634178
72.40229522087911
72.77113631147019
72.89321051185439
73.1144663350009
73.52800512868903
73.90502858864168
74.3431464052775
74.63554430241042
74.98828277272216
75.40964831057121
76.00348034556815
76.31550841781377
76.73763910830316
76.9992357417576
77.18087459695212
77.53311579845166
77.42720122387122
77.31583985675849
77.20249197860795
77.65736013224479
77.63091760508229
78.04026962855912
78.26744310150696
78.5813271898991
78.76682423213319
79.12164180556951
79.4975846845967
79.81847615957675
80.20594331276425
80.51456428055515
80.89376019079528
81.38611582237262
81.68426570844957
82.01212953047163
81.955084138119
82.26099963535943
82.53386635276007
82.93154451778027
83.65323449028155
83.86814406620611
84.17240248906455
84.3710532508653
84.58962060624243
84.8975690711939
85.23021135368577
85.54473645343826
85.8193349713525
85.7463189415414
85.99630145775461
86.2096946947891
86.09896038568128
86.62192517187039
87.00077696982197
87.17908959799338
87.53196463737221
87.92776112293554
88.22144678901431
89.00569308750677
89.20238461223286
89.39935355992529
89.73892920288976
90.08006171759143
90.40729239825497
90.82065727548223
91.17718857196327
91.59002692986559
91.99733315003375
92.32474484249617
92.61482947698823
92.9192090459319
93.23809705431374
93.57176603552878
93.89486319211949
94.29316738963044
94.62135530123608
94.95696828884145
95.27800466099595
95.56647751487375
95.50757544883015
95.77674233620911
96.03670130293357
96.28429544538689
96.58109878967176
96.81597732190984
97.14673722967201
97.33076702772117
97.51406700049692
97.74744515348158
98.00056744643993
98.43906083656815
98.69151883399657
98.92966294531843
99.1686628203641
99.45661151311151
99.75402935451852
100.01697939218819
100.25446308023075
100.5086150095099
100.74067132005621
101.09680887431631
101.29173264012658
101.5755859822269
101.87905956676161
102.19695375746404
102.42943566025993
102.68970550727965
103.00301770061691
103.32789719401845
103.57294169269593
103.79012525940396
104.0388181911176
104.29280185555403
104.52087847962997
104.7459511097918
105.08709701379755
105.31548953328841
105.52632419836793
105.77602830335303
106.02158064013055
106.2517922817348
106.53979467928892
106.85040172808405
107.03986319725091
107.27047342625512
107.62721061749201
107.85579667120163
108.06934497461181
108.23683652654591
108.4760782365744
108.76308831295958
108.63416231472873
108.66018830554452
108.66401045416835
108.92527955322802
109.21874795444262
109.43292491953594
109.72135876224104
110.12697903303933
110.4510820855083
110.7029072336285
110.91235575972374
111.09948096228187
111.38494270053697
111.6367866034599
111.79863035088903
111.83164619351798
112.1172745319443
112.2164565855502
112.41229524126736
112.5792269670793
112.76680595628193
113.03957226691394
113.25507340234016
113.46394254451054
113.60456353709057
113.72422885637503
113.92553695278043
114.10262154183731
114.33663051554322
114.59593873314094
114.86808575250777
115.07792570697843
115.21737982276682
115.43107181413906
115.4243573784398
115.41287157547406
115.39902169423196
115.54919657246624
115.66814560077698
115.82686003721165
116.07012134998091
116.18940234747454
116.44099665012783
116.736737051357
116.9713230490719
117.21860110306665
117.44141571117473
117.5959837674631
117.6799601226664
117.79658764387429
118.01680193534821
118.10934566525493
118.3038320215768
118.43572681571607
118.62821874036514
118.81733554169354
118.96517247603467
119.32302765887685
119.58172474663836
119.88642176027423
119.81732008572443
120.12735195888587
120.10879789440439
120.06329125430533
120.00790622661542
120.01330667108363
119.97231182983708
120.20561093893649
120.40828210438818
121.57208825471479
121.82243469175022
122.01269085579202
122.32997069538112
122.65939507987818
122.90536371128717
123.03844511402113
123.25451505517147
123.43552109509996
123.57245931151753
123.7373466490609
123.90079893340415
124.05087584465635
124.19992738986754
124.51023582711267
124.7635554491725
124.94232178109482
125.261862323079
125.52949992745387
125.75851245032428
126.04891688464971
126.26211976656379
126.46269137785951
126.72731708467538
126.72378926794276
126.88642007057656
127.19557707192507
127.41460387984641
127.74909418729408
128.0319639376323
128.34890956947606
128.73272438027553
128.90496848161845
128.9321433812539
129.08984853427702
129.08825675081675
129.24182345053987
129.5690379724331
129.54311182279184
129.78136116976023
129.97841165540686
130.33065673627013
130.36480048198226
130.35179246055964
130.52717445157262
130.4945592644312
130.56407609201318
130.87466693452131
131.18327540786436
131.4637324421087
131.7087392177032
132.0076304477005
132.00414561537158
132.27625834738893
132.54220864575714
132.56613445149074
132.57844644690715
132.8240943163435
133.06481139322318
133.36536323523626
133.6620331176624
133.89454527686044
134.09212571555338
134.41837541006126
134.6857251982365
134.6323157109123
134.84676498274376
135.13623245690448
135.32066995555485
135.50226583311718
135.7188093837306
136.04463546862087
136.3137401823741
136.60301532979406
136.8485327974078
137.2550488322245
137.51351363032046
137.53020629642086
137.79394666081467
137.90858965673567
137.88513585805373
137.91701387883134
138.14632283520146
138.11901106337626
138.3831209768067
138.36684658468516
138.34689454996845
138.62819094142372
138.77071347659054
138.76742462747862
138.9545352377586
139.47337063292284
139.83272691302082
140.1654915247162
140.423585430947
140.72045412641742
140.94702699609854
141.36705392385485
141.78125173919767
141.96694729644145
142.10741134325883
142.26606281833233
142.5275268868613
142.8407225000701
143.11340478282642
143.3631270485585
143.59614615032282
143.80421205223524
143.81697087323462
143.77523012323195
143.86582342934125
143.9390054079271
144.1880874711676
144.44588230908076
144.8556398289374
145.10500314326063
145.09623761388661
145.26850649077397
145.594812146828
145.92237799651417
146.1841492825634
146.45060621443264
146.81652628067457
147.01095776269534
146.98512688749872
147.28023475283754
147.4917931148133
147.74786697770136
148.0969571972027
148.38304939754977
148.6112662936629
148.90647342679813
149.15278011065027
149.4054258260496
149.58963449784767
150.00509653812216
150.2869232505122
150.5055257226811
150.75646530755688
150.9480617691725
151.1811585821342
151.34037883774235
151.544081579714
151.66965701705058
152.04684508650897
152.292777137282
152.24060785060098
152.70439144171485
152.8834681520692
153.10506338473044
153.25812291734496
153.4838431792682
153.70392942251118
154.05288233976006
154.04102450320798
154.3017327362562
154.55820193822828
154.86947441981147
155.15323432348245
155.35887286187534
155.55118858184412
155.81481014177382
156.11944498374962
156.3195723605042
156.5130992218737
156.77048477751424
157.0669719520465
157.42502665630045
157.62971589530585
157.91057365650133
158.1070007043374
158.16004287588711
158.49452126417202
158.9165819560863
158.77988221609473
158.77697213129272
158.92977937478676
158.75221002623096
159.00442509822813
159.37555025184963
159.49877782116658
159.347381038796
159.4015360228158
159.518848578417
159.50551393946873
159.7223733831912
159.90038888781788
160.17029638981114
160.38773185116096
160.48457213729867
160.63965054441232
160.6963018778243
160.98746069531035
161.19325249918347
161.4601271997999
161.59916440904172
161.50268681837392
161.51476386143216
161.72213817334148
161.9501368998055
162.13749631421547
162.4475051502654
162.3582334352814
162.6177917748517
162.8813598819404
163.18271256146804
163.45151055540273
163.8090006843137
164.10443058842233
164.42055506068328
164.8074271716711
165.03255946968466
165.41050234927707
165.63429362976254
165.88457982794404
166.09988638515105
166.51250655713562
166.51960230342348
166.72379469580193
167.0346862378834
167.25898743245565
167.19236765769963
167.49590814970017
167.78086071406747
168.03184706108166
168.3271925883942
168.49788963481296
168.85275873497397
169.06068480338527
169.36823195213097
169.31874955151326
169.33465292898714
169.55932155592845
169.79790049397988
169.77000790589616
169.72175707663425
169.80357290004906
169.79864117923003
169.9446899550468
170.10404249218684
170.28274457652486
170.39246140666495
170.55690479248057
170.72545053575527
170.69875533659865
170.7440965329015
170.702279907704
170.6732384616071
170.9540053952249
170.94615327162848
171.13039284905898
171.4147736007372
171.57453582294653
171.51214488711446
171.45784684591086
171.4533860881487
171.63696296766145
171.6757470734063
171.6430779627647
171.60033828745253
171.6354348162381
171.85833770617594
172.0188340516461
171.96603482478727
172.20939386234346
172.24128465387614
172.23552381588024
172.4007617328451
172.3463861138541
172.2934114090799
172.51317897396788
172.53484146253038
173.01897723969185
173.05546226613907
173.00469154102996
173.18893736925506
173.15199354894946
173.41683398228255
173.6534797978484
173.85033978353022
174.05101782432945
174.32871685590288
174.51025746825616
174.69451338418202
174.6935025827764
174.69791040201702
174.85755867652082
175.08559974515452
175.20665502980643
175.15755521256773
175.30845251976442
175.46276362869864
175.69962682979562
175.67927993772062
175.6569165802225
175.602169706855
175.57847792018052
175.54845960092908
175.4998285002053
175.4571366201726
175.45485057176572
175.86595279658874
175.81337339296277
175.94343768169568
176.14682371763004
176.5045238533465
176.4928393314665
176.4398228134483
176.69896586806917
176.68059230295734
176.63212689707487
176.57399610400662
176.5159114529276
176.50664376374095
176.66900756669574
177.04169951649567
177.02356712823
177.01328924623957
177.13053546812205
177.0810879657015
177.31474501566504
177.3524508947989
177.29348590095418
177.33095672968003
177.28285608826852
177.4912619511046
177.64503609896786
177.60340942082527
177.7337272009604
177.67764763890628
177.98159010286057
178.22545095147248
178.37388814051585
178.55017272730385
178.51426308208377
178.74513530299137
178.88093294199615
179.02298102672663
179.23306676849847
179.47339463681593
179.61882752270847
179.83942671027813
180.0000220052179
180.1727090702591
180.39774767935023
180.7492549138505
180.917297958508
181.143175930201
181.19715320054686
181.34442681904014
181.56331274232454
181.69486688070458
181.6586701572873
182.19940920465083
182.42701130978656
182.58291195081378
182.74157168338445
183.0581371958102
183.3493474061029
183.53943659003198
183.84826165450315
183.9092354702633
183.8892994511681
184.21494073925757
184.1517828215811
184.32262020235896
184.5618912628668
184.7304649178499
184.83640917044767
184.93310302805796
185.1147031674291
185.04419488350047
185.34557397192629
185.28119942839436
185.36278651035343
185.5868496131824
185.59295753739838
186.12757699161705
186.57027315061578
186.51695222639293
187.0041821645913
186.97464214930287
187.27552998334198
187.61412971732264
187.67790192516173
188.17708766164512
188.1727611057683
188.27543093676778
188.23727020062688
188.47945797929762
188.6125631834928
188.55023327879684
188.50893343723345
188.46934204460493
188.6840966105265
188.62845274016343
188.95002592395247
189.45061112944575
189.97713209213555
190.36967706095177
190.70617007586546
191.0999295947506
191.05622225638209
191.05603377627983
191.43317692776094
191.3825180049479
191.36341411522304
191.4380465963102
191.39127786171187
191.328426610444
191.26242199361346
191.2158102927172
191.1628349086757
191.09636981520734
191.07102127000854
191.09000291515733
191.08251711105015
191.1173686493648
191.0613028911768
191.0184415313956
191.27231736645706
191.12492485775434
191.00176973589754
191.22728245519892
191.12676764034526
191.15434075702754
191.14545926556224
191.0011777358296
190.85306943805955
190.7064462380175
190.81106456811483
191.07429852441496
191.55750027499275
191.9793082593933
191.80167014144035
191.854384361307
192.1741149673801
192.1328888661271
192.5066302215643
192.51199438576697
193.0757348022819
193.40292695248587
193.38072419962347
193.50820887614955
193.4838853230793
193.60892879275735
193.78423223104102
193.7336642126281
193.66297447175572
194.0481072646506
194.2972912842822
194.23672781334926
194.5760630456792
194.76221420624586
195.1659033512268
195.49487733150977
195.4947658937407
195.64435423334584
196.03178967565862
195.96806923710415
195.8935340973397
196.22024653841316
196.47563425730002
196.868508444328
197.08765563720203
197.19471072358567
197.16820738460703
197.15259020467556
197.5736718876349
197.87850234848247
198.44241791097969
198.46246580898682
198.6601745924983
199.05306317886007
199.25957713405825
199.24687684305573
199.20402033716724
199.15368895552967
199.07950682637488
199.08509196717682
199.35424657222435
199.83949023064548
199.78355262621707
199.92345563659518
199.9477913885653
200.31655007426338
200.31852067490283
200.53891964644654
200.55051099916992
200.54822615002018
200.62082039425368
200.87242265083074
201.0681049911804
201.02464492158475
200.95835120071993
200.9680119679614
200.91806010384946
201.01419168979257
201.07276963855134
201.05441299793992
201.18772302342913
201.15230910377548
201.1949388182737
201.32603760764468
201.33717490993948
201.272971296059
201.383535978824
201.34221020080057
201.3526020897684
201.28356672139006
201.21733145383766
201.14860186658052
201.10866059597035
201.1656126312573
201.22010527446088
201.4189047741469
201.65519977920334
201.97540001090388
202.16878887651097
202.43035408669036
202.66205734085455
202.93927244089596
202.9847871996219
203.42444846776874
203.91252049387504
204.04740076047733
204.00959983170802
204.1569611858381
204.2739046982311
204.3882780433872
204.32656730086495
204.25878268789404
204.1912431550692
204.33622269716275
204.27069739566488
204.20213789165484
204.17036356272186
204.3496981951068
204.4513564032887
204.87488924533076
204.95700878789614
205.71194047130726
205.67954070616202
205.67078666863637
205.80236657262012
205.9515820225821
206.17487755819377
206.35920452058085
206.36134904209948
206.39116923074153
206.5206281964781
206.75625213891362
206.89262125307448
207.032494352223
207.30534461310697
207.38173533376062
207.5476272948909
207.51054266183243
207.62694869541545
208.0010645765461
208.13509919789809
208.1685150548431
208.16252793451412
208.18776211920022
208.21190804472687
208.34988434442266
208.49575898079078
208.46938797053218
208.6767869074371
208.99625857456064
209.05395078029537
209.5172366241525
209.53172500906084
209.69182940879833
209.99579223472688
210.3201415827584
210.42045172324262
210.373909991496
210.49110372879693
210.5272054165292
210.71229190203323
210.93330370500746
211.04164649884603
211.1487865239908
211.256993118716
211.36383726632894
211.30595043463313
211.23859055084637
211.52135094831488
211.8154398232166
212.2161684109611
212.3320806346681
212.3456893956465
212.5092933122287
212.66644001742995
213.04505359114904
213.2900928437146
213.57437792551215
213.61266765282258
213.65067700413718
213.7417507488823
213.91152482323048
214.1844552188533
214.39892266655087
214.35263945913354
214.6991733125439
214.92703726491598
215.00052229881499
215.08197890285396
215.1019457699992
215.5123342163042
216.14836548137532
216.31445315019235
216.55966328601085
216.7729562877126
216.86140805615483
217.0305795158349
217.17259391218403
217.2191318078263
217.21996774305038
217.32530490414524
217.32874708302583
217.3342517688036
217.6715497620367
217.78619185422707
217.71858652383912
217.8850130167941
217.99269457540103
218.25900321776575
218.38952446160917
218.37628157622532
218.32905900132434
218.691893356964
219.1348190864301
219.30933279961982
219.56131691393196
219.69562684413873
219.83900252620194
220.33820893574728
220.59219082971018
220.9324911898756
221.12180931667606
221.3663807611152
221.68695126098282
221.7710157784118
222.09675630376617
221.94914811594845
222.27050155758332
222.53669494898577
223.27092831051982
223.35279622737627
223.36707275651145
223.91866867306712
224.40391111980563
224.84685320932041
225.3739705056679
225.81022921260322
226.34573524658703
226.6293160085045
226.62444142493646
226.5544550023683
226.70860839267348
226.96780315159185
226.96566074527365
227.2789085544665
227.4213549133921
227.39026011361528
227.37002571956543
227.54934879995764
228.25925995784476
228.28391704850344
228.59028729523934
229.40363919727432
229.60091781575886
230.00060205571648
230.06401118437134
230.2210111964981
230.35435915370746
230.32141126498564
230.2838617871944
230.69851446161775
230.66440300227256
231.3596728469556
231.47042994600704
231.62757542695593
231.74860270119683
231.8027518711102
231.88641284690453
232.06535286199951
232.78080945770867
233.47110700052025
233.5161172131101
233.9121333544984
234.3538224102997
234.46277525802995
234.57363021733642
234.67658511973207
235.21806899057404
235.2820338951252
235.35014379892056
235.61076127602638
235.9403239436779
236.16007227229719
236.25364222647357
236.40616662439803
236.7152776976886
236.76097749960428
236.9245304140431
236.84403555240948
237.0172328866398
236.94954953327908
237.59636457313445
237.5199654432416
237.6447385651824
237.89614457855936
238.20554191350303
238.22505290116663
238.44238002805145
238.71266445888756
238.94125357914075
239.4063810441682
239.59334926901946
239.6671954850892
240.07540070780405
240.4225408806744
240.64740639129238
240.80888739772368
241.26662672099414
241.5304376047122
241.8015296964485
241.80282775288654
241.92444512284658
242.21980171905173
242.15061596729393
242.0811292172616
242.34248376647346
242.3261046227492
242.59095604120932
242.61890146912776
242.54301714650273
242.47538403413841
242.42232565763948
242.36079060383423
242.44860350660758
242.3816560379763
242.8513943582962
244.24336170496096
244.38859948232826
244.78818097282493
245.18589038005692
245.67053986563667
245.6211985740604
246.47848106366496
246.59990730496202
246.860384017462
247.03006485014777
247.1376927171964
247.23667548564399
247.1436132884851
247.09055928038853
247.17997369855516
247.10085083495338
247.01571424680606
246.97002417435485
246.99249204068798
247.01539252502567
246.9372056511039
246.85410917841352
247.09032825805636
247.4941682290891
247.80066045559465
247.9106397238642
248.11573510882238
248.23110969119367
248.41053190064235
249.5642105423817
250.3236148293161
250.6186654191138
250.87610728566344
251.12333434911892
251.70970806859347
251.94111836801144
251.90670122837798
252.20448681423736
252.45259194381345
252.78994594940042
252.86816157518638
252.9007508284006
252.9108994484719
253.1492402104245
253.36098333248736
253.3878747351796
253.769201949282
254.10067034992983
254.16368800685694
254.42610899366105
254.3691002552569
254.3549765147031
254.49251135293272
254.44021134226
254.6942164094391
254.6358939578872
255.19922984954846
255.12008608491158
255.10986741532787
255.4345991041862
255.81465732444525
256.1004134863022
256.5555997279629
257.52430144992
257.7634132435169
257.6899523171802
258.6126631164797
259.36578389191203
259.73262295220263
259.9535732449062
260.0332274553959
260.081134745042
260.1557926879978
260.40931171289805
260.7115074642998
261.0476992713801
261.40574107484247
261.7041925269442
262.3714101011363
263.067223953293
263.69868325346175
263.991918007303
264.29728160613314
264.595665981702
265.06597987055727
265.30772494531146
265.90200496896324
266.34155967017676
266.6437066250432
266.5523469207576
266.45752424584316
266.8293461143069
267.1085126384053
267.21098664960243
267.71336752198414
267.69947315517317
267.75525907288693
267.7077925827745
268.4165322654957
268.66603518913377
269.21560384623973
270.46453564267443
270.453082283959
270.92219510228216
271.0502251376462
271.11108264003207
271.21883060485425
271.30615174784316
271.7215269615049
272.3857355388263
272.5082692471501
272.85072711316354
272.75315029004463
273.3792060670631
273.29654241705435
273.6330341868131
273.6158484620785
273.5778060425148
273.6711211449777
273.90302640950983
274.14996490179686
274.41166387442394
274.48333694082265
274.6544788658229
275.1005934144793
275.1713243101118
275.080945867087
274.9902117310319
276.2754516797521
276.4196592767891
276.49705851289593
276.62943522294984
277.5437997186399
277.73569999275867
277.8022776941253
278.2995628840808
278.7551480517904
278.9731812404847
279.13273370914465
279.59486783516746
279.5182152048526
279.41652989973295
279.5031563853307
279.54519904043275
279.4881580746445
279.55724107982445
279.5881583189188
279.5847210886732
279.5372673378149
279.7895186761924
280.1740004439067
280.19292464567087
280.10438965911106
280.0766387210144
280.117452709024
280.17191417290303
280.39112472428536
280.48137526262605
280.40076623346505
280.37826667579145
280.35623232136953
280.4012244938403
280.466857255016
280.48997805477
280.5460702773231
281.25333796203194
281.66008320460486
281.7443870627351
281.9766408963853
282.1928729534553
282.3963427028401
282.78623183737164
283.29621766537923
283.93540501017253
284.49263353584723
284.873422426463
285.228611650411
285.73710813141093
286.1335590766376
286.6119660070087
286.540821124199
286.5406033104867
286.49913052880845
287.1209248788865
287.52980737233275
287.78806353727975
288.0353218237081
289.26337415425263
289.3101612434611
290.46691978495215
290.8719683320315
291.0623734193094
291.1423407223643
291.14105264041723
291.74238949679744
292.12676118667315
292.1463629405273
292.2158162119869
292.73232029533796
292.67124212718994
292.57439494377513
292.82199095761456
293.67934042843126
294.0822537174843
294.0094453749382
294.0100131284874
294.7239496883063
294.64841511773966
295.01053428234366
296.2274322881954
296.95296229246645
297.0959953512263
297.12772677454166
297.5937255182082
297.9685978944511
297.90569715377666
297.84479492893075
298.6262577556693
298.588490291696
298.5401787368277
299.00428051664693
299.54648046133923
299.80797843176117
299.78187369817493
299.98495801945626
299.8867005059947
300.2251522974192
300.18592133056103
300.39626883024073
300.39788020632085
300.9514452886691
301.86545637777317
302.45034038068786
303.2108439309544
303.5896263768743
304.0055600709269
304.20869211047614
304.2479830594322
304.9560569099538
304.8615110595154
304.77912432927127
305.0244811424049
306.10080040487594
306.4197896095379
306.992612884043
307.42817066777076
309.10232962831645
309.97264035865436
310.319392480176
310.63542175397276
311.1201173063223
311.1784422529115
311.3007174443243
311.4053178030773
311.4405439478269
311.67360814318
311.68677331012844
312.05497886546283
313.9610045992361
314.3363682110612
314.38903985602076
314.4315190911352
314.75150372247066
315.15043655019184
315.3610240990793
315.2557793546216
315.16329673110477
315.2856230749325
315.5808103210455
316.2783803922254
316.7733732190057
316.88868121920206
317.1707226486047
317.52334020089376
317.5813089050752
317.7048438303292
317.64641710932085
317.6725622108911
318.2692682465127
318.2484860148814
318.94229958529314
318.8417345629943
319.69176556284833
319.82159166950953
319.7301929354945
319.6660486319479
319.87438124148656
319.77895407422943
319.6744369919449
319.67394796312027
319.62038597058273
319.5074110135338
319.4036570387151
320.046475581931
320.10803736757447
321.0964589915019
321.0070292815879
320.9625217050117
321.81317126326405
322.0126112815774
322.91214151297214
323.74072946128814
324.1296562218994
324.490989154755
324.91722959542926
325.0252794513463
325.06751109363483
326.95424408886487
327.78811824476253
327.7981363129103
327.686904342993
327.57746686201733
327.4705148470335
327.4889765656707
327.378164208282
327.7301497441408
327.71237910892705
328.3912113218252
328.68944569398764
328.9507066488786
328.9283053421198
328.871514234788
329.0505084664953
329.5074817262263
329.5104092319102
330.0313033356234
330.5772790436101
330.531526111529
330.7881800863058
330.67783778134066
330.56357164932905
330.64529311496136
330.9313526687973
331.6940087517638
331.9662792178205
332.0038433287121
332.0934398405132
332.0269649338716
331.94535333247046
331.83282576332795
332.1468773148508
332.29591588223354
332.1934185114964
332.0989818233994
332.32941562747243
333.3328929680818
333.5942552906979
334.52722888314855
334.46906467307747
335.39658900419886
335.7667227030516
336.69915815497046
336.99430783255156
337.8574556246324
339.4094416685813
340.2522135369573
341.1846466749954
342.46096364691385
342.8444902103003
343.68737411371234
344.7535709941041
344.7877866070444
345.7889991969499
346.2975099599723
346.4596976913214
347.2232190701959
347.20786422919844
347.9874369611636
348.72055383393587
348.8727755976248
349.6859535541637
349.80180020749737
350.71112047795583
351.1157998728738
351.68555621589877
352.20056296530186
353.1674623411963
354.0338750613624
355.0656026405798
355.71442816082094
355.7787154572466
356.0915430164771
356.57635526720014
357.4485501581933
358.0524063478224
358.82264467016836
358.8148283422797
359.45028468029324
361.3140285890968
362.0922524205397
363.03331622980744
363.73085641722184
364.3620943802168
364.6627698006638
364.80122224574666
365.30075917855885
366.1631620434057
367.29836975919676
367.5350474596874
367.9255190121744
368.3401161767033
368.45674697303303
368.4418931252671
368.85012622762974
368.84380617745677
369.28348819748334
369.65553239787465
370.2735250479517
370.1794111532782
370.1659368367944
370.1569290277232
370.4211690194613
371.0464964881517
371.51548184848303
372.74357395897874
373.1297376758017
374.2480825829453
374.1949284595208
374.87886298081196
375.4826909991366
376.70218673205346
377.4524280063852
378.04311973827765
378.53074820836696
378.5661436070287
378.621697286152
378.8512892777604
380.0078491229102
380.6128958149733
380.9648443398231
381.88128179075585
381.753928535766
382.2082494132478
382.3505086068276
383.3047795094971
383.9980515563069
384.12777100984414
384.56716971259254
385.3972849582914
386.90416151254146
387.14158191944244
388.39434185913376
388.4962903185156
388.89396426503293
389.15804121281894
389.2829150684092
389.2812210277695
390.2702081264669
390.2170671169166
390.8633555716963
391.261994552871
391.13237817641976
391.6418447014279
392.8639780988705
392.78901240822233
393.04681015955214
393.4767477028055
393.3408657070331
394.202967070608
394.6072301102448
395.0122199004313
395.0120950740686
395.00161947583774
394.9923165615041
395.2860333219227
395.557817354578
395.90366047878484
396.1883751921521
396.2026305787602
396.9858896038001
397.2117560745785
397.27443918099976
397.6114492837324
397.83255589822886
398.3505489530297
398.7036411100861
398.81038572648913
399.06947366275614
399.1452409664285
399.65665444485205
399.72527104377144
399.76980735722594
399.8671029121377
399.8670897126918
400.16608879996085
400.4640606249091
400.6361226681349
401.27607433066896
401.9166745507571
402.56027278281823
403.1320986668621
403.05587916545096
402.9588150182938
402.93741425043027
403.2600517590172
404.6534743506756
404.8856122513217
405.4109378177405
405.7627517695891
406.77801433780877
407.55139923416306
407.7065795450787
407.9915622756268
408.9512466211524
409.3895220732767
409.9950548183503
410.27844538399705
410.2104234770012
410.30967165461243
410.3389066422578
410.71893060757446
410.8668774379462
411.0140533852605
411.49592831831404
411.7777683415928
411.97347829880505
412.07251535358955
412.0071796717211
413.46796016994693
413.7526007736976
415.5957840947108
416.1812976260918
416.5407490928023
417.2226830056648
417.2299938949526
417.21678066258585
417.32433223811904
417.59471168966144
417.7577231383131
418.39071323823987
418.4138241146766
419.03369975954433
418.92184185479795
420.9781317851073
420.8465800721833
420.73609616834904
420.9734178185614
421.20170040221
421.06374064976217
420.9880587038101
420.9265176595575
421.13526641236797
421.2463097985154
421.11051578426793
420.980776623864
421.5190923093779
421.3875936492123
422.207988483706
422.0831767869291
422.8727712164733
423.2742269147929
423.6084716669387
424.01407901034173
424.1642060618021
424.2898539649188
424.51432672773495
426.3362587675999
426.8294679450745
427.1282706373665
427.2744690686977
427.34940267801244
427.22812233825454
427.49399514941217
427.37289519059516
427.28587211727944
427.59164515608904
427.6588571506357
428.38965168182006
428.6066643701605
429.7204544465209
429.8261584527282
430.10993252986395
430.799117928489
431.0040227462108
432.8071703142387
433.43914971429086
434.0070611569252
433.9151770606917
433.7929761896824
434.09934754112646
434.3683992288356
434.86497781602895
434.9799004619858
435.78529664843234
435.8208638693146
435.6833922316977
435.5436794393696
435.50234490041845
435.48120913118476
435.4862214715148
435.532250831524
435.49090912842894
435.53413334535423
435.33607641804747
435.13813308161446
434.93996925898193
434.74203802793096
434.5447096689599
434.34751643556524
434.6065345252335
434.6963363344381
435.21234434911804
435.49643668750525
437.4428577325192
437.9288683686408
437.8070733011861
437.72234212388133
437.67273309173504
437.60151191236423
438.7108821271815
439.2313491843626
439.21677974230533
439.1245999577124
439.20527333803983
439.4745308369539
439.65250655340134
440.0778182911653
440.30845240925754
440.8186681089139
440.7235020509999
441.65678096038437
441.8807253562289
441.94991028305446
442.02109272184293
442.2650712647926
442.4665633719064
443.3844167678597
443.9293289302803
443.78137640272564
443.64035714028273
443.9054485162933
444.3667485839655
444.3523936760527
444.571187802955
444.6979537187365
444.64185974551265
444.8292066439661
444.92537601841434
445.7963791556109
445.6596324751903
445.5283787089496
445.3818075144119
445.26118187246425
445.313230309619
445.70684648290944
445.5590611944639
446.41397567329443
446.3145423450464
446.1795089130175
446.03838530493533
445.9203800061999
445.7786318627392
445.72851364344996
446.2293703163763
446.25818180827343
446.1534596282549
446.56194652495407
446.78601331632507
447.00113203338816
447.09779235708777
446.95336937740296
446.82967944492344
447.2522492406863
447.3913250028482
448.02051928448583
448.60889493370223
448.95565894465074
449.0697872671717
449.11459182813996
449.2124448243865
449.33733967672333
449.86979270645475
449.9754697328391
450.31599656483394
450.480387103969
450.6239808653734
450.51290083033416
450.8818893580202
450.82953919079387
451.06045574884143
451.1644171246402
451.22832344755477
451.36352934421296
451.7770130190773
451.97384930115527
452.0540266370036
452.4476107081637
452.4390355411002
452.3098009109858
452.2446907031451
452.22183763945276
452.5384788950409
452.47756525209456
453.04683147111206
453.7854857108588
453.6953749332027
454.414309522705
454.5799288399904
454.6908937511229
454.93556757560333
455.4041784625549
455.59128147268603
455.804016719338
456.01682251919846
456.0964772756051
456.06491436534594
456.1606134595443
456.37456273037867
456.53839850437174
456.87110744793273
457.84242079136396
458.46955412438496
458.67651096902614
458.8524919137408
459.0780501118757
459.5530898564622
459.7949135169874
459.86651531461126
460.38150755319253
460.7437628452663
461.1422548234322
461.64806958540004
462.11333245367985
462.9654793963046
463.6812536045958
463.91527549389
464.44469862017945
464.4619187786212
464.825205419485
465.0839368765098
465.0648768725771
465.2111875029604
465.86020573417
466.04429800495
466.230191005683
466.4424052932693
468.0042874964622
468.9958696122453
469.18392280027166
470.5225385841758
470.6908882274643
470.90003691372
471.07324411275107
471.5402589203952
471.9732550266924
472.18777871702946
472.15910650538905
472.1889330829271
472.2695806684803
472.3408903938787
472.78204690442254
473.0063248016269
473.3425032339439
473.41655175525796
473.6751277996191
474.11267139178693
474.4200165397984
474.5650688942394
474.91374170874514
475.0238680788259
475.24738233336626
475.45931107277437
475.5618506998582
475.76761047322987
476.13123553064656
476.2020689292372
476.555257153414
477.1280980989361
477.38875660262306
477.4701327954021
477.73147655142384
477.89874290172287
478.34485169305714
478.2674963906104
478.37599212541437
478.46345541807216
478.573979693388
479.0190352308748
479.22235156051875
479.39859097645524
479.45725870745366
479.54725894871837
480.03961115016006
480.18859366877876
480.2884142985465
480.61420522744265
481.0191727327907
481.44209191353
481.45958597401676
481.6077093641487
481.9176703684853
481.7950333015862
481.85174524736505
482.3621026835918
482.41499778788886
482.6218657874068
483.3296923959589
483.18198020836314
483.05215790349433
483.38076659014706
483.9945226501538
483.8525914186247
483.73488742255034
483.6085893475317
483.51836273259283
483.5783440408262
483.90093603054356
483.9602006296365
484.42556942073173
484.6318651452799
484.9240893302744
485.2944271378457
486.3088665383694
486.54856831247633
486.705088671416
486.8804988724517
487.39953272150836
487.9041401437733
487.9794207115443
488.3018455382667
488.4712500006591
488.722767467403
489.1370891221824
489.0205310081187
488.96619854803157
489.00021397737294
489.39426891632183
489.8504443663369
490.16011778525524
490.62294431329445
490.7263420291959
491.63358940385325
491.64310455730555
491.6993104040672
492.03068139934726
492.2090900323326
492.3827692509788
492.4579551346925
492.50421369630584
492.37777251463064
492.6009960080913
492.48322324013935
492.40399568603647
492.60527470973045
492.8012017215196
493.3174704238778
493.41629490764916
493.4147531922201
493.53698679837436
494.0164210184178
494.2230964223402
494.1167127526683
494.3504210670675
494.3986128079963
494.71635166720023
495.192735502633
495.35430606006054
495.5789788109136
495.5737111245574
496.2801748439049
496.42104078488086
496.636832368083
497.1850863036304
497.40038756366243
497.37884691340855
497.83767519738484
497.7412061339742
497.9360334938527
498.12051897351984
498.2531953898104
498.42569236042965
499.5285779104371
499.60769418843574
499.644976252939
500.37793307938244
500.5871785134135
500.4851314752092
501.08686289744844
500.94105488630885
500.7967064652138
501.4672149568737
501.92762969451445
501.92935553064103
502.2368374686217
502.26821998235664
502.5199533117409
502.6970709878689
502.8540525012535
503.0330565972636
503.21983883739796
503.48545759362804
503.4147265742489
503.97614100837325
504.1702832529091
504.4836999071162
504.3645901330146
504.29270896538674
504.5938335509234
504.72768793034294
505.0586832876098
504.9614191272752
505.3803077156889
505.2606535783315
505.358391576304
505.237418700395
505.3081625248994
505.286139465556
505.6147668736944
505.8732489298783
506.1969924092591
506.11424188714636
506.28527342463474
506.2416806283203
506.0925725638626
507.0875166779816
506.93719183294036
507.6866283962618
507.6020937800996
509.32956784013214
509.2724949285478
509.52167699971665
509.7226091329198
510.15128132166257
510.1591002076071
510.6699933130574
510.8327835286349
510.72284457784815
510.7113017266904
510.74678111513384
510.7685044699481
510.6906430185055
510.7160860589111
510.6465636229813
511.02686712952845
510.98206845920845
511.0109574995793
512.0576927143993
512.8051182987231
512.71671916303
512.7131672549273
512.8854205250782
513.0235241205291
513.7751059972754
514.7652888131229
514.5581097970035
514.3510968767316
514.144239534769
513.9375436382039
513.7310217251173
513.5246483243274
513.3184465416438
513.1124050382252
512.9065282253232
512.700859970286
512.4952868407523
512.2898639162082
512.0846141824
511.8794229513888
511.6744935445153
511.46966182042877
511.2650332923695
511.06057846858783
510.8562887669868
510.65221837370154
510.4482283178677
510.2443595645873
510.0405817447796
509.8369396539993
509.633628754395
509.4303898560751
509.2273024896517
509.0245450903607
508.8220184029005
508.6196293743651
508.41746203046796
508.21532480889306
508.0134923656445
507.81158791292654
507.61038739946696
507.4090524354306
507.20781788500597
507.0069807567143
506.80711355034674
506.6073273445512
506.40816826941534
506.20856903070654
506.0088971509593
505.80965722681384
505.6107273773648
505.4101133156967
505.20980977843095
505.00950474324304
504.80943345665355
504.60911592731
504.40909218371655
504.20884483330605
504.0089518357932
503.8090595569602
503.6095527288147
503.4104496573253
503.21127017113076
503.01245386202925
502.813949229763
502.61557708382077
502.4178701283366
502.22012170888206
502.0316205596498
501.8354162437159
501.6396174576357
501.452690314994
501.2561715136888
501.06200121921887
500.8669386309108
500.68222826586145
500.48927350413385
500.28971927355195
500.06394432915755
499.86646748445503
499.67206865661984
499.4778541182693
499.2838382133089
499.0910102431453
498.8982525731056
498.70619526078156
498.5261083485289
498.4173735495945
498.324708181729
498.46794973077067
498.30925182477864
498.3509224611708
498.37765537147925
498.19165168410456
497.997849657994
497.8021710655387
497.609442987154
497.41886547212806
497.2742125253802
497.1770702058051
497.01266569878726
497.07339002022275
497.24301759381433
497.06202690564993
496.87769254989627
496.6923410208771
496.50784018729604
496.3269793139716
496.14097247243353
495.9601934320684
495.77407960712475
495.5729602679844
495.39441182206383
495.2184398952103
495.04430054874723
494.8641448337932
494.68514158055405
494.5066609776978
494.3276450813836
494.16198813699555
494.07822791839953
493.9249462398612
493.80207577200537
493.685170272373
493.6159764286662
493.432884104585
493.2483470317903
494.6021127429455
494.5043567724378
495.47539152228404
495.7712977949986
496.2137106727976
496.4227589310556
496.4445091157104
497.4159982116115
497.5174002806431
498.0441352646658
498.18919005538777
498.180841395577
498.03722642728326
498.4415345133066
499.1080127177988
499.2987779356017
499.8432059263518
499.9858341810395
500.670632945698
500.60034337732844
500.7407178917699
500.800337856787
501.1290992847599
501.7788726534276
501.9599509562606
502.2216678167881
502.512775736058
502.6134242299756
502.70997777385645
503.1841633644922
503.4394308989406
503.5569588283942
503.4088889811146
503.9786515520561
504.27908641898705
504.3516247554792
504.5745182424012
504.67585406756643
504.6363868205181
504.50086790805705
504.53780435459527
504.55423137069533
504.6512779374038
504.8320532418275
505.14246415927096
505.6414531076167
505.5363054641872
506.10117597501386
506.424771681494
506.36711705718966
506.66835331879446
506.8730455084528
507.4580731885645
508.66651025823063
508.6827841822631
508.7388469920756
508.70327427472193
508.5591010697181
508.4170121556749
508.6023901549609
508.62533285033226
509.1812704293915
509.33240384725366
509.2268983086182
509.15024426884287
509.1870588811918
509.32894553269847
509.6579722362979
509.60747325524187
509.55003577311396
509.4122295514994
509.27123076759324
509.4541475754271
509.4453800246979
510.68059800324323
510.8006655720679
511.03233398209073
511.561507094581
511.92544196367146
512.2464495538746
512.523648834155
513.1850455269092
513.584883240889
513.7648880457108
513.8168037109019
513.8581691369682
513.7149735414744
514.0943347996255
514.0738360422214
514.5676769424945
514.7579243089596
514.9593613550373
515.1053511366246
515.0124745494325
515.2023276807566
515.3043261691962
515.4676318562508
516.0146977020295
516.4740356950044
516.7392133684015
517.0158227276546
517.41184886223
517.5127606894821
518.2594370516639
518.414757867829
518.7126603723187
518.9537024381532
519.3062498469557
519.7610624136677
519.8744696476634
520.8587293662908
520.9190259171668
520.8469332674782
521.1929477984988
521.2777074114794
521.3779768013094
521.2344861708261
521.1408647302018
521.0299840191386
521.2855268737616
521.3306227983645
521.8109334244776
522.3173860440938
522.5888711506999
522.8408072866562
522.8279625353116
523.1094803641076
523.3998248683099
523.6382837375701
523.5211369145737
523.6275834556676
523.4967583656482
523.4718187533347
523.4458769826542
523.5850684394331
523.7769362398842
523.8471184699885
523.9579608514558
524.399526268279
524.5586129483327
524.60139563527
524.5812715618508
525.1819202092712
525.4827709538113
525.9836015065698
526.2681879702
526.8299510262365
526.9651530815651
527.2591428019186
527.6321558040332
527.7775902059923
527.786786229994
528.2563462493326
528.776083455638
529.2840096278699
529.3685523555139
529.3405988614243
529.6451705438068
529.9675840313661
530.2634232495236
530.5274777800914
530.8104588219214
530.9834400425146
530.9295777647264
531.0045847244542
531.0474683592532
532.1575185959434
532.4134506110911
532.9800220902066
533.0874501917585
533.2337037879739
533.5021494946607
533.7646964892347
533.8838813829891
534.0230634411279
534.390830253923
534.402022903431
535.316372792963
535.6198880875517
535.5523743938347
536.337451641037
536.5116223157058
536.8973860916994
536.8752723164187
536.7536197766116
536.983257600014
537.2398785177056
537.5052854503998
537.523725536744
537.5705163898426
537.50624607382
537.4533788324861
537.8022402813114
538.1792730771465
538.5410400195907
539.6213448172172
540.1671038756867
540.5682264735386
540.8042947054926
540.8812627413282
541.7578629823129
542.1192271959941
542.1335022895071
542.1462401671772
542.4010794362479
542.7958603166489
543.3095374309831
543.6364158846661
543.6889951373277
544.5360793773964
544.7177145336736
545.1292877958108
545.6386680121167
545.9192635410916
545.8944236630774
546.0365956390209
546.1110836774618
546.4302928882308
546.8668490383731
547.0436101933681
547.2316141715295
547.3857191907456
547.6302811778892
547.6554934362308
548.0781372018948
548.2114807877491
548.5951818071042
548.921764674775
548.804650430516
549.1702222656875
549.5209274101331
549.7528569557849
550.2349507357193
550.4314034427865
550.9600916445546
551.0287372501213
551.314952814771
551.5685660423181
551.5787623151343
551.9057215830301
552.1250846937941
552.2667530790159
552.1191569227202
552.9132561535652
553.2960578721705
553.3152565634709
553.4300664713383
553.4591077007624
553.5850502607174
553.7048078198163
553.9867926252075
554.196868049775
554.5220469199659
554.6073347141154
555.0917208562345
555.6636499329146
556.0901844176093
556.4632350071987
557.1741694325885
557.3815797327243
557.4891173736772
557.9124635582391
558.2925662200261
558.7793517287579
558.9352573235436
559.2282171576879
559.1213272254405
559.589104167265
559.7861929408257
560.0786305012796
560.5727738470374
560.703562275345
560.7929989776961
560.8413543896538
561.079474223563
561.0798489774721
561.1648095831523
561.2591021947566
561.4525369149352
561.6963414630661
561.8162276613126
562.0593261984902
562.3384224639316
562.9340082433204
562.9198808245209
563.8825926352071
563.8146266356497
564.0282292600969
564.1718898568109
564.4078853141373
564.3087663806581
564.1609556758114
564.0749494862528
563.9798810701647
563.8831400558018
563.7866097050683
564.023594114521
564.1938662231192
565.1920496747022
565.3408328914878
565.5284604391549
566.1141185133696
566.4352579477313
566.4710606199629
567.1644951893809
567.1422190275174
567.426349886169
567.4269877483233
567.5734728339712
567.4298738738083
567.5910078230295
568.0244637719474
568.2714245574233
568.132909185573
568.4312807732347
568.2408579167109
568.0505721226202
567.8604080595926
567.6700802828242
567.4797658428365
567.290042941246
567.1541319786941
567.1190181346715
566.9295357173173
566.7851600899762
566.6409176580158
566.7156192744135
567.0382385253077
566.8491178547796
566.6600935333421
566.471254863931
566.7648691128836
567.0011788913359
567.2394886410369
567.5686919549665
567.7743194990868
567.9303260762916
567.862594562412
568.3292421556878
568.8436576618792
568.9995009002217
569.1724604606022
569.2986145984452
569.7528072768972
570.740695291617
571.2027523350264
571.4776623353179
571.6050576768341
571.8311839566509
572.0239336261095
572.2247434209032
572.6307648634009
573.1318696331725
573.8583044137151
574.0694744144804
574.2171866728286
574.2856687291538
574.6327458726757
575.2764046896051
575.4563303037132
575.6136314634393
575.6806851444602
575.5822584328777
576.1088585124976
576.8291103731674
576.9284789043695
577.1112803630607
577.4729555128448
577.6868006455223
577.7978023392858
577.79221994357
577.9146564622388
578.0217214884517
578.0429531626664
578.1231183410204
578.230872618364
578.5303655756817
578.7778854035854
579.0580417287023
579.2065591196686
579.406459144076
579.5564798390969
579.6622735423884
580.0676383425313
580.2524433336087
580.2404744749397
580.4213092016801
580.4891213166015
581.0413008312438
581.2212122906459
581.3942820063128
581.5365550979959
581.833945118079
581.8177358225352
581.826388951722
581.8765816479938
581.8937362609255
582.0238877561056
582.0503729070223
582.2229218561306
582.3778995837926
582.4797257423328
582.5149630981495
582.6244919961672
582.717349036849
582.9652080836729
583.1012781735546
583.1681390291454
583.1307419155005
583.1391129523038
584.0082252188492
584.2611551825352
585.2321752472443
585.3477301671662
585.4631664157824
586.0508175326497
586.0810152337903
586.5582174061677
586.9606683684693
587.4815386868516
587.6006228007757
587.6288141547153
587.8664286005859
587.990805358753
588.0559538902233
588.0500683270019
588.1345404879236
588.3452765437996
588.6725854810107
588.758212411748
588.9551177484664
589.2403170971575
589.4523593142266
589.452168105436
589.8891812430221
590.0858041553481
590.7461924951664
590.8796550846977
591.1079747435258
591.1913564869575
591.2062292578463
591.3585350576653
591.9759530791612
592.1103328211533
592.4775105901309
592.577416388593
592.7595021697205
592.9514580219449
592.803874312306
592.9618787091833
593.0717302689823
593.1908102115797
593.6759003757171
594.2024750744054
594.3791538577149
594.5043058429775
594.75190053805
594.7202669709753
595.0093253479603
595.2842087054032
595.7383585627147
595.8950616087626
595.9020254335413
595.9574127147474
596.0247984736877
596.184724145473
596.2742687207325
596.5419864963898
596.6724840390807
596.9831303123865
597.052867335897
597.1898919671241
597.3150570875024
597.664960937034
597.8076306516786
598.6737540249616
598.7706029930305
598.9954030678983
599.1209237886578
599.670518458081
599.6754146467849
599.9096493958193
600.0016722155246
600.4512306013186
600.3429944938152
600.4751593995659
600.5978353881949
600.9004884096936
601.566652659626
601.6653476638056
601.7805674827931
601.8100570719066
601.9920313489614
602.3653694110359
602.4824835754869
602.4881713707065
602.8418994417287
603.0499033204356
603.2391458929806
603.751548666598
604.1364008229988
604.470820125302
604.6638601913315
605.264179990688
605.7871957420612
605.958840574939
606.3194169214313
606.5271446738362
606.6219576770202
606.576572164157
606.8996625789708
606.889652746977
606.8802999807791
606.8813139169857
607.4238132305784
608.1417106208842
608.3521876545977
608.3885732667034
608.800589333118
609.1379977313554
609.4822429310648
609.5176207888182
610.1156962474824
610.4023539230819
610.7233243080723
610.7062147397784
610.9206260988005
611.0382298619214
611.1230816226008
611.3535367616968
611.500197743675
611.9191558160384
612.9569651422597
613.249046403003
613.3578859944154
613.4578253471306
613.7293087656275
613.9562784226898
614.0771643081997
614.0866922729813
614.0856786374053
614.4839923940754
614.5205171476072
614.6194882021141
614.570374370474
614.7946226016874
615.1500178536938
615.118184325347
615.0566634787906
615.0215210407016
615.1618300920817
615.3017317551319
615.402515380984
615.5271821550322
615.6193448508499
616.1003339821262
616.1704673964231
616.8243467453693
616.6716701161511
616.8980438660967
617.0959966137721
617.1085579728812
617.2941261325078
617.2636113148358
617.2268429493915
617.4313409848677
617.6782334074037
617.5512306434778
617.5274764062809
617.6978350053306
617.9825251443629
618.0469785835618
618.7118239406306
618.9544404288262
619.1516626134238
619.3909624646639
619.4526122980997
619.481395033009
619.839389567855
620.1421108153455
620.4365637111036
620.7767120126854
621.0932845044015
621.2015145643984
621.1317827391431
621.258203889445
622.0658851898551
621.9455056173198
622.120136953147
622.7535620928061
622.9264035212493
623.3075880543839
623.4391545533605
623.5685959675977
623.7549185479535
623.9442234844269
624.2265749732209
624.3986757519663
624.7862360763495
625.1760687001715
625.5625164773446
625.5773386113524
625.7053925981083
625.907511334092
626.1526512275451
626.5094619773975
627.8613183806444
627.9467795500294
628.1596265191016
628.3976920109374
628.7143841758369
629.1233355826593
629.2482877026775
629.6764452690402
629.7659730447667
629.9518923776642
630.0748169285922
630.61300610487
630.8158627003241
630.8694902306166
631.0280832450544
631.3672930054884
631.5322203664508
631.8189450377647
631.9292178037961
632.323676429844
632.5663096602217
632.6744211078977
633.3678938945689
633.5897499068656
633.8376379517138
634.2856000977838
634.3569325614988
634.2416052137957
634.3039827367983
634.3303281431718
634.3401274592626
634.5524855302992
634.4582779345075
634.3796972542327
634.5578385008055
634.6974517034398
634.9129614402258
635.3074627721628
635.5036978310981
635.3622609864242
635.4136323275574
635.5003320649621
635.3623249418891
635.2341977632778
635.3527840597975
635.3403438493308
635.5603309773213
635.8021683285044
635.7487768827375
636.3106532705326
636.6889457318279
636.8207751598106
637.4440332599474
637.4652166624296
637.3767962002589
637.4945012658019
637.7199989864855
638.2350980045354
638.5631843839575
638.6594666157806
639.0319719476379
639.0472661423886
639.0636510932173
639.262147805503
639.5508825473078
639.5829295748404
639.898964224721
640.3406701664218
640.3690641063477
640.5614531574051
640.729030663405
640.8875178765575
641.1445099483174
641.4043171985085
641.7091965031733
642.5712315841522
642.8549135281098
643.0366490021279
643.1135386000528
643.5081991283777
643.6030192025929
643.943974797253
643.9426621297453
644.0527616728974
644.348250366208
644.3461702379218
644.4276280945344
644.5717439568468
644.9807791440093
645.5812243842302
645.5709781687614
645.8789115960444
646.3135890896219
646.4266148292509
646.6612342003889
646.6452865477556
647.5831001312267
647.7788835494592
647.970495272616
648.0778637661222
648.3352547952043
648.6522783882355
648.9515327813484
649.7184813690475
649.8030763317178
650.003467575387
650.2362118354456
650.3060637705025
650.500496047687
650.5690873755461
650.7607139691115
651.7552816079375
652.2491687637533
652.3584882419964
653.1769360695841
653.4220704693918
653.6210878695213
654.5023531352774
654.6997220901078
654.7558659301633
654.7454957690843
654.7255911051009
654.8125656309622
654.8162244751398
654.9281388559942
655.8989979383534
656.1121407492066
656.1778088289237
656.2356515162587
656.2122066484062
656.4425732946994
657.0516091274104
658.0966446820788
658.4034553435135
658.6990649335835
659.2289972170227
659.4048491615667
659.5329539536696
659.5308336920806
659.7265854690102
660.0753660409086
660.3224849339313
660.5474445175234
660.8753855770129
660.9392411886531
661.2285524090205
661.2500753363953
661.6500474851067
661.605683539378
661.6854801828523
661.8633856254244
662.0119047711627
662.1618559663641
662.2758691641101
662.3109163161594
662.5214450941916
662.4161619718469
662.5112532168531
663.5474844256925
663.9327957798641
664.407093141987
664.8252033252054
665.15293042466
665.243906294249
665.6934120483627
665.6213364383729
665.7099160792375
665.8121649224076
666.2042477441202
666.463552743891
666.6220872936409
667.4545552734382
667.9230590400018
667.9001659198784
667.8869068305837
668.0741453699513
668.0472510284068
668.1733386554808
668.441169545731
668.7029019055459
668.781780037838
669.1606990776052
669.2993436221935
669.3562467024747
669.4417276435393
669.6430753316739
669.7181230530293
669.8425036000373
669.8464635178348
669.8691149485954
669.6756420113912
669.9686053448647
669.9563465963905
670.0347092934079
670.3167714472133
670.4238240930002
670.4033384756885
670.6996359090895
670.6848630751604
671.0813471024534
671.4513537290879
671.4507790446645
671.611462602874
672.0248527480871
672.1180929988393
672.2050124072069
672.3919126966533
672.3596019652653
672.4482904532907
672.4508568156064
672.6382859574105
672.6690783115833
672.7929827747444
672.8903758447148
673.1834550052533
673.4881156300729
673.7559138020436
674.2009357472047
674.3424457464458
674.5898375828519
675.1073499291477
675.2311171833394
676.0681065573514
676.3456718135534
676.6895005614704
677.0062422642329
677.1854798515591
677.396170450443
677.5659955030659
677.5647131855604
677.7557171275372
677.8455411358163
678.2349445174582
678.3533120819627
678.793820764962
678.9041216985429
679.116370669956
679.6123294743394
679.6187124386787
679.7695429626514
679.8727180278966
679.9311746112111
680.3193682960862
680.3973581200182
680.3976428181107
680.5645283061932
680.6593266731381
681.2396530004864
681.7358039151444
681.9874871661253
682.668109478813
682.7242404032938
683.3730130593078
683.738250337769
683.6441985864104
684.0313593891099
684.1718168488202
684.2467778340014
684.3138481070506
685.2952838367597
685.374982975605
685.4599467379212
685.832134017768
685.835619233228
686.0017255206931
686.0795103228742
686.0584139906234
686.7241551300083
686.8195194466157
687.0777866485283
686.8839995160089
686.7650919345693
686.6120681749255
686.594726842096
686.4013016787515
686.2079881120297
686.202070573119
686.2315615981975
686.3398950579982
686.3153108240614
686.2922985397764
686.3774938381521
686.7471616702401
686.5849087569864
687.3463635273522
687.4261158634346
687.6850983844114
687.6674099808598
687.7518215456055
687.7560880621623
687.7622668993091
687.7821559153103
688.0614404612253
688.9307965045989
689.6686841633987
689.9083765305242
690.2984135703665
690.3315464962462
690.3371134316324
690.6267666411613
690.8694589956732
692.0225408500711
692.2400982599033
692.4220410942803
692.6950646325361
692.8356679095875
692.8164188954894
692.8326653486722
693.9711895808696
694.0789003189789
694.1121076749456
694.0421356627332
694.6356220808192
694.9565739953416
694.7961501970261
694.9123916882418
695.733402073555
695.7216209890573
695.8250289362509
696.7399357217595
696.7332258459214
696.9097405350426
697.0036517959273
697.0575555079193
697.0437890862211
697.0215164465718
697.0832631463686
696.8898125785483
697.5717994101925
697.7478679226582
697.6918331256787
697.8748741919907
698.0353597276303
698.2199874201808
698.5084221048186
698.7771370052851
699.0131056241336
699.102073242108
699.6514612506322
699.6143570640769
699.9129816821297
700.815408312045
700.9373357351948
701.1405469057069
701.4329158367059
701.5063387611725
701.5841375044521
702.1043960888369
702.4592575726812
702.8731802510101
703.0995821345053
703.548061059858
703.7523900227202
704.3314201414715
704.4589060674604
704.5266058666815
704.7199967271898
705.0504706363872
705.1382285831429
705.1938053895627
705.1481195497497
705.1568866037788
705.4110130332083
705.6810506866263
705.4872196212648
705.6653096637855
705.6759442449782
705.7832755517586
705.8444560316286
705.8519750025441
705.8313088813796
705.8814428604593
705.8641720487232
705.9870524839283
706.0287976498092
706.0721349204944
706.1552508714366
706.4302934471143
706.778274394279
706.7847948371605
707.3218660066983
707.6158950100845
707.8765403356781
707.9188685549495
708.4649603293426
708.9707587292609
709.0034413902871
709.1441294031148
709.1310793966825
709.7455383265028
710.0047660891379
709.991009234355
710.0840984930915
710.0913065924689
710.218179404873
710.6745965923025
710.9808722153662
711.2803604377742
711.2769032935838
712.4057612457549
712.3520601930674
712.4685006471407
712.4576501457079
712.9566783125571
713.0407716596177
713.1821744677862
713.2532588107978
713.5251914121368
713.7226536115545
713.7387886627873
713.6594018196397
714.7275105639317
715.4021995485144
715.5993937482307
715.6102235451375
715.5143388919622
715.501114994734
715.7590897337831
716.5827713763276
716.9831976880198
716.8212365195699
717.8382569650521
718.106176715602
718.2211344879473
718.2982635985214
718.4728764862069
718.4709469721397
718.8897570960419
719.2508131983234
719.4326660614648
719.6172933907882
719.7976315729321
720.288162361184
720.3386616796183
720.717176504187
720.983855665666
721.0603049027625
721.0594060976641
721.0524836219996
721.0488954988617
721.3057402647714
721.3369213047707
721.8053660557523
721.88310130685
722.5787196337538
722.9270130771631
722.9084795597911
723.9340736502261
724.1783581906517
724.4611469134335
724.5317278158002
724.5527053647913
724.8193400828369
725.071683416555
725.4240060845823
725.483122162743
725.5816632314327
726.2794764720134
726.370792851775
726.4479708676248
726.4058311531917
726.488574859981
726.6111010342368
726.5921809968324
726.5941273479202
726.5337115108462
726.6802343870954
727.7283407027551
727.7486122692209
728.2589565342265
728.378576180888
728.5414551066773
728.6565713800194
729.607259735313
730.0696001460558
731.0061592609172
731.6702052356923
731.9479787598257
732.422081249369
732.8420814708501
733.0446123582968
733.5236636523949
733.9025916847861
733.976829662442
733.9972933785307
735.0206453783521
734.833593677066
735.3057016314712
735.5248249329671
736.4789769355139
736.4690034133336
736.6356136562222
736.8922841480502
737.6555572647097
737.5882484245584
737.614501521023
737.7814470764407
737.779360513833
737.989525455398
737.9746937572792
738.0292928958711
738.728206750046
738.9939171718552
739.0693053360662
739.1146457433945
739.2030399712481
739.2212272762695
739.2304998299139
739.1248025645428
739.4890808368141
739.5186840701665
739.6209871914575
740.4155627553465
740.49525316784
740.8794864533518
740.6874211296781
740.7748606345377
740.9442264742166
740.7790668725477
740.9839030174825
740.8197928379102
741.1158237045183
740.9203183575247
740.7252335894891
740.5299238099321
741.2381362482337
741.073433597465
741.068022420815
741.1873344015696
741.7395350472442
741.8454103999903
742.2025829215156
742.2674055115831
742.3794895603296
742.4806222032228
743.5249700784027
743.5086972271145
743.8557933563785
743.8832633635828
744.0275487279052
744.2259004135016
744.372690288318
744.3520000596853
744.3974408160523
744.5821736584082
744.5589187749722
744.9893322813987
744.8947152296365
744.9565010786753
745.0430112525182
745.0336610761622
745.1258951585294
745.2832267414732
745.26341483598
745.3596762663042
745.6521424626634
745.6692441015235
745.6211445481689
745.9410391331506
746.1118770266983
746.3071399771702
746.2874472501974
746.3075641889687
746.4689079988455
747.2328955412759
747.336984444349
747.3634470494293
747.5829848821667
748.2519567720101
749.2920933096592
749.322371552091
749.2075970732471
749.2494998434373
749.5616167371805
749.8314850315304
749.7846325452513
749.6928904658082
749.6977675840449
749.7195892794492
749.7618883598284
750.7478850442669
750.6999146769075
750.6809511229785
751.2824034037427
751.4560135629118
751.6757101383533
751.9305670761784
752.2639323680424
752.5146162447977
752.4112296717295
752.4884014276811
752.9850321049644
752.8674498271964
753.5370362564518
753.6314081788253
753.9534827545658
754.8963481815664
755.5053147650272
756.5136358060157
757.0204467519683
757.1573195195226
757.3711074077457
757.3482498385179
757.4120476852994
757.5660273026483
757.6287858484512
757.5902675715876
757.943109701926
758.6299546048923
759.5541203590485
760.145585468406
760.0997252733653
760.1454913988632
760.1036272820716
760.5932498735895
761.0100990917205
761.1110419998428
761.180680259894
761.2451818861571
761.2773106547035
761.6072156346278
761.6054750413961
762.0866726878113
762.4916915173636
762.9641219604036
764.0601437089308
764.0245114413059
764.2658246306087
764.3675859772645
764.2755025147637
764.2428159143268
764.3975731543154
764.3701676338442
764.2499771353304
764.1794102605294
764.4236890354725
765.1655277574818
765.6124863947896
766.1668867458817
766.7109909695967
767.4694739494255
767.3628508870984
767.3407621303982
767.439938356137
767.9220131068299
767.8110581618264
768.0857148593126
768.0550750110673
768.3605499658983
768.5760272683763
768.6534987244744
769.1866813454122
769.4776170678696
769.5261033615853
769.5904831903707
769.576938714837
769.6563786232606
769.9124088504453
770.2831370370776
771.2977965571994
771.3017421452391
771.1978334867514
771.3419982028365
771.6203751548924
771.4245781004818
772.475311857236
772.4508350291703
772.3988696779179
772.6688055315439
772.7320438414757
773.0076913151289
773.7891677752697
774.2462946551844
774.3014413237231
774.3534590978293
774.2476119406097
774.4826398006082
774.6782498434583
774.5297975379267
774.8744468626825
775.136571103578
774.9402960304939
775.001374584695
775.1462373976278
776.1546911182065
776.2037459545568
776.4859862554448
776.4474695878798
776.891409025274
777.0442024751746
777.3395203578087
777.4178184331088
777.6436993949383
777.765500411074
777.8426138384319
778.0308974384019
779.0104367016867
779.1023665232933
779.27590333347
779.5413929041665
779.8331378991808
779.9657449909591
780.0472187637351
780.3730705164534
781.0528360182086
781.2727926763213
781.385926646223
781.629560480372
781.8899974554906
781.9193152388517
782.1663461036854
782.429804881451
782.3985927101579
782.5900936933695
782.6434227133582
782.531791174236
782.6360971951299
783.7025350986747
783.6817208017665
783.6909105837309
784.1548839846755
784.3950636899343
784.4036237248732
784.619993191934
784.669557604323
784.7358287207035
785.3054579516024
785.2690617268187
785.8867043478093
786.1621651583882
786.3697388727317
786.3244672615396
786.2848324848343
786.8114672838705
786.7655750812097
786.8270430671705
787.0056178361235
787.2460149640725
787.6083219879647
788.1829613586247
788.5569840194494
788.5687062650469
788.9370451538451
788.9925274003558
789.5194925942616
789.6354058803844
789.6459841570326
789.8058286260474
789.8746021814925
790.1843730557935
791.1868780673987
791.6899227379304
792.3789745270581
792.8375335849275
793.1951058187068
793.4085044816825
793.3616287860957
793.6318338234995
794.0290583253774
794.0738212929951
794.9712208061034
795.2936321645554
795.2461414784467
795.4042924518471
795.457805866784
795.5731605056013
795.8865646074227
796.3118154948091
797.0643276510674
797.3226539296888
797.6134564613479
797.5657486837499
797.7890937026046
798.0899833747573
798.327870378654
798.2891311504854
798.4713473446492
798.637042795804
798.8839944511816
798.9417564851896
798.9369750989077
798.9148073301432
799.0971600706744
799.3013204342567
799.4671408834205
799.4421776426888
799.7480716781301
799.8220190475859
800.0074704084427
800.3566429544004
800.2181021969752
800.3755201354048
800.5347827561238
801.0339646506093
801.2271095313024
801.6856062142422
801.9907545657758
802.2871452114473
802.5244402960644
802.8882828588816
803.3315562602031
803.5229521486337
803.4870755790175
803.5611131044705
803.6921595101072
803.6557263119712
803.9724017362604
804.1603160848058
804.2218100258307
804.3669767649187
804.258894301532
804.6736726563805
805.0616712911386
804.9490550367647
805.9664930283784
806.9471837109655
806.8259773550625
807.0641377038507
806.963013531603
807.1705841845429
807.4334893829723
807.6168549511458
808.185638725993
808.5937399137717
808.659861948722
808.5663611393081
808.6441517182986
808.7096179772116
809.2454208656302
809.53919325238
810.3129661820392
810.1917922342558
810.6798719931963
811.5049740596237
811.8461346756693
812.1579972188377
812.9149997708748
813.0981036877263
813.3044384935329
813.6279148791548
813.9409904712157
814.0078121194606
813.8902415323906
813.9512341646051
814.1245745263345
814.861923701968
814.9239748358377
814.8125450412781
815.5807932884734
816.4460456440825
816.6921329765119
816.9292906402559
817.5070671241847
817.641064019689
818.4360980782161
819.4428282510366
819.5982854059354
820.1063093968608
820.1377145605719
820.2058752028493
820.2817719321613
821.0105529172419
821.2511539858745
821.2124779991758
821.0766357310013
821.7464892406002
822.0149793489683
822.1638805041891
822.1790433904724
822.1800932302987
822.274377036366
822.3508426703437
822.4757844406006
822.6228518376191
822.9094610728498
822.922616269994
823.0932857679551
823.3367530403434
823.5088447405774
824.4545776581208
824.4774568755902
825.4068592683124
825.3195592283298
826.2741285154843
826.1556069471256
826.4308239657453
826.6808621586099
827.1301374468162
827.4915457326568
827.7451182431804
827.7077847457945
827.9949423645678
827.9926518010053
828.3043464356974
829.2522702674032
829.4150213614153
829.4963170260975
830.2897027410888
830.4985440937012
830.7447432971202
830.8847693587816
831.0276434718081
831.2063769969805
831.8584672288385
832.0288165364755
832.5337179092999
833.3915529499862
833.4970448052497
833.7078422770248
833.5817632662832
833.5403953748403
833.841929028708
833.9957655785939
834.0347122035079
834.9313600316219
834.8328521524471
834.8221478031137
835.2561121837699
835.3020492986254
836.1432876073306
836.3235122414219
836.6294516732596
837.1746837088177
837.1049423153908
837.1818207727794
837.1817874186011
837.3642292375177
838.3133176045885
838.4961720760891
839.4115789039945
839.5635645392614
840.1145067965815
840.17336802335
840.297050848863
840.8447896915953
841.2707705513521
841.8984876049085
842.0459012897677
842.2018329591818
843.1620532800924
843.7173062338932
843.9240073412494
844.6119708420837
844.9264311361916
845.538747923499
846.2427575921686
846.4028733096152
846.850802851415
846.9308358179813
847.6173586121979
847.5751658035509
847.7725555502235
847.8070524615298
848.0869558738749
848.1633335286546
848.1527627346962
848.2938877069455
848.4292287011356
848.3005673954598
848.1723323976429
849.1274925034547
849.1741924905139
849.3854676415795
849.4553556726568
849.3218643811089
849.3118848050294
849.4656724920131
849.6154868250032
849.5760202763724
849.7503105995569
849.9976555573122
849.8749437871878
849.962107393163
850.1804802631103
850.1659853180635
850.3198642826871
850.7079777876738
850.694177186245
850.7221063754346
851.0760556560014
851.2468337847166
851.3010640603368
851.3504111405317
851.223766692011
851.2402661075528
851.8718481789031
851.8998344626328
851.9090968090038
852.2008543653055
852.3599301940383
852.324103169347
852.7852817947652
852.9085520418499
852.9523085659173
853.2830513521332
853.4137250504193
854.0497548041975
853.8971916740139
853.7883861861235
854.7002591977512
854.7798734149959
854.6660896778407
855.1721439373458
855.2584841334483
855.5650129667372
855.7948959080234
855.8534205602962
855.8374752665097
855.8963106155697
855.9936559919396
856.2171474205819
856.4773433786407
856.3476482280543
856.3960139440816
856.5724798917945
856.5080735045485
856.7275113172183
856.7872485048036
857.2543345356405
857.3900801377367
857.4545289585958
857.398955014288
857.6443343935067
857.7041818907473
857.8989583181129
858.2431701839565
858.182267244213
858.0472964256097
857.933079865906
857.7771345198703
858.276710505808
858.22910059639
858.4906601287022
858.6669040485879
858.7926674749976
858.9173648359694
859.2051339120155
859.358685595607
859.9027876179533
860.5037481065154
860.4808559286635
860.5531287548918
860.6242181410867
861.0271601012365
861.7357998671331
861.994542831918
862.4129511620388
862.437440573752
862.5419769335195
862.7570578487496
862.7537479206877
862.7588621642979
862.6597209534816
863.0573757225044
863.6050260366527
863.6140773082403
863.6199351757504
863.5258436018472
863.5061237039062
863.64570323984
863.8178465216561
864.0913190031235
864.230599911903
864.3894925334896
864.7366080954939
865.0733916329684
865.4244809609185
865.6231447369606
865.7765628264701
866.2560734244696
867.1382577689182
867.4115398712246
867.5159407199226
867.693783259303
867.8368303196711
867.86168687327
868.0292899733132
867.9131512184537
868.8079500086574
869.1484666653637
869.1806408006925
869.4339728476442
869.9372138929082
870.0842021580302
870.3262426322926
870.5371456312844
870.7776169097237
871.0142878335278
871.0140286046161
871.3286015779098
871.3727747432252
872.0803418397894
872.0794346474804
872.0985955975452
871.9881146473836
872.1492858561934
872.4265416869822
872.3554174942245
873.0899294079019
873.1082970278557
873.21912053143
873.743497317942
874.3388382216734
874.3483537673571
874.208853160238
875.1215924838369
876.0024014101475
876.4187857680325
876.6900482166155
876.8076569788929
876.9478257938321
877.0953796542638
877.2070792685371
877.7028837294433
877.5792708637498
877.6797858805264
878.0011426503683
877.9146402642112
878.0078607431604
878.160052916494
879.0460034598887
879.1138571486315
879.9835352309376
880.2371180018281
880.3695710839019
881.0647556056402
880.9824077879297
881.0511574969183
881.2188559849382
881.3303163071093
881.6496500644541
881.7640742378543
881.9696817451547
882.192023899889
882.3194033745691
882.1463106880542
882.2939231612322
882.1255316837492
882.0519063247319
881.921234836245
882.2257729275493
882.0820056045208
882.1298763432827
882.438376811187
882.554482760096
883.2283945286229
883.3646383984143
883.3051934915976
883.5883794399127
884.498318548903
884.7200387596789
885.0290095913272
884.9648998644304
884.8739588007955
885.2815019676177
885.17875503142
885.1145787205174
885.4486146831866
885.6211049059305
885.8407779527806
886.48431440162
886.5103341433336
886.4733874597624
887.1471989233368
887.6258514754902
887.7621846527866
888.0376767485886
888.226277940645
888.2768694218618
888.411905763423
888.5033823773933
888.6875255822276
888.8099509004778
888.8704692523618
888.9383505653852
888.8239959468283
889.4017125369134
889.3483529457536
889.4832858700079
889.5361444421594
889.4806166729509
889.6442970511969
889.6830979455286
889.7054876502568
889.8711027715325
890.0396595881158
890.1339342336
890.2546396903706
890.4646600278378
890.6257712512438
891.0605066075333
891.3283187060773
891.388938591421
891.8814491368645
892.0473862506972
892.4450177585668
892.7560135112867
892.7653118039378
892.979812299741
892.975231554977
893.0263718188359
893.3226669275111
893.1998438707152
893.4223322937146
893.5244033111583
893.6633025307677
893.8782549963989
894.2319021849482
894.3299073095725
894.5310002197662
894.6615490806578
895.1606846691116
895.1988016806714
895.3874453891573
895.354435808212
895.584341790593
895.5553365059656
895.6235501132294
895.7011972263974
896.2689816688733
896.7182789678644
896.7591082244488
896.79975010969
896.9314240944583
896.9511367082572
897.3709182854903
897.5303834306022
897.6470894696779
897.4732322683749
897.5926964071128
897.7157538083876
898.359588599405
898.5177130359684
898.777314347472
898.7959175924094
899.0407186195631
899.101680924161
899.619459662765
899.9464321198907
900.0799832595646
900.1747815861256
900.256506216555
900.1990300566591
900.0869959061349
900.9266529461394
901.2124913890659
901.2554215111119
901.143250523921
901.0799422708609
901.2434767318724
901.6032492611066
901.8368907564778
901.9130271223975
902.8049250767173
903.6763931464636
903.8083515095992
904.0844569147803
904.144141144248
904.3148747104084
904.3934876925103
904.4407243261236
904.5700971779886
904.7629592659899
904.9395476521578
904.766676745448
904.9616382210367
905.0242305902732
905.0442639520162
905.528184740917
905.6745368398234
905.7790933034863
906.4520463664885
906.6237209596678
906.5120364179121
906.6110211594571
906.9130586387844
906.7670395556137
906.7968276907606
907.0593750221171
907.0185559727679
906.8830268538819
906.9704659382699
907.1343182685558
907.3751107826205
908.2731896338482
908.6703526098157
908.8470208063242
909.3679687783102
909.4390102615439
909.4110090007383
909.3476920304305
909.3139750199304
910.1950241589283
910.2904979321935
910.6071875024519
910.7447107620513
911.2055382402071
911.2202165853353
911.2040411622012
911.3139687625938
911.3814317165834
911.2691123234575
911.8038099574194
911.8469422397362
912.0518718526329
912.1932437942321
912.5682523814542
912.7210866098702
912.7725353336074
912.9488822774458
913.0605196395148
913.1432664731327
913.0844715797834
913.0204657486227
913.7065954302989
913.6288114697013
914.3688594023695
914.4661311278061
914.6611919281823
914.7880673888367
914.7264197687317
914.7685372065044
915.0581617504735
915.8829442259416
916.0267734457892
916.6015572254978
916.5052381515854
916.5653365413867
916.7567190125202
916.6624896415337
916.6235939763668
916.6522784632243
916.8600830398799
917.3223412384439
917.1817534088187
917.3031699912447
917.7699259441808
917.6353691461003
918.0448393951232
918.1144099734515
918.2789043640639
918.3472487076674
918.9195786393979
919.1303907792458
919.2817225148009
919.2770211239618
919.476832712936
919.4977661340937
919.5365633288297
919.3410925021808
919.5559933816558
919.5064466130553
919.4089235883018
919.3512466396054
919.5585935536698
919.5503819921483
919.804563801727
920.0692324813833
920.1702274747723
920.4151332219093
920.4707643515053
920.8760692848507
920.981314383779
921.2566014645597
922.1054315793699
922.2577075574535
922.4749157064678
922.5220744559128
922.8216764613393
922.8937053835307
923.138942735592
923.9016938357751
924.2092312936995
924.6272372396778
924.5502920479163
924.8398162475778
925.168593927747
925.1965247001951
925.7003767278292
925.8289685558761
926.1031262022907
926.657117264229
926.7619560938704
926.71025556729
926.76302040493
926.9982378196037
927.3804076885431
927.3973541224983
927.7028246994662
927.8704438074443
928.3074352813372
928.8420654623295
928.9623536184481
929.0500779331064
929.167765436594
929.107858464885
929.229626142719
929.3647357366788
929.5113197361269
929.5703880986612
930.1273391135278
930.3775030946939
930.4694964026364
930.8187399420757
930.8869288377509
931.1234736945722
931.2684686867766
931.1585072803992
931.2844543797778
931.4900196821309
931.5509957216519
931.9889759120117
932.3798321539501
932.4452162637754
932.7349532641316
932.7991004272316
932.918136943877
932.9848180786586
933.087850147286
933.1474277415699
933.2202151124013
933.4812220365736
933.5374445360386
933.5979031190775
933.9737471591717
934.1188767175363
934.2168762709671
934.2446519582248
934.4529028519426
934.8834877957413
934.7510679672138
935.0258989337127
935.2081472537756
935.5460294019533
935.4166267167417
935.7780704162013
936.1759506775194
936.2199334635811
936.6202361365661
936.8182860255876
936.9410770160011
936.8014123298171
937.6088726555403
937.9059002231209
937.8689352029907
937.9160318094198
938.6619183853065
938.6533271468192
938.6992841019471
938.854904428547
938.9129841018513
939.066733075982
939.6988871185033
939.7169592027831
940.2584880415599
940.3187762609098
940.276369631455
940.4807279046797
940.5036217889985
940.3346510782472
940.1636667977856
939.9907971597969
939.8300236942883
940.1189672743757
940.4018779349224
940.4723352778901
940.9622892891565
941.2931027199107
941.3478207535665
941.5589659554328
941.6617881236833
941.6889570360273
941.7380602657678
941.8818213877754
941.818130644683
941.8907803032059
942.0225310080091
942.2056195951118
942.5229537996079
942.656470037586
942.7690663600108
942.8828802904037
942.7442741947344
942.7950724975196
942.750696156811
942.6155511446973
942.5257495645626
942.9767168411172
942.876016815694
943.0054392068267
943.1819189357958
943.5265278111247
944.0631116181056
944.2038749318018
944.3877604256581
944.6050359059105
944.8552120925992
945.2103381824181
945.2968969617405
945.4619277740425
945.7090975752535
945.7170994393647
945.8656231672088
946.3961318695677
946.6022023771055
946.8339594775838
947.0050742149795
947.3924438582804
947.9880590082207
948.0646491363426
948.3646478992385
948.5103694060672
948.6715982539171
948.7911225064852
948.9692777015588
949.178471665522
949.4249767471073
949.2814304154983
949.1077675974846
949.3808823534665
949.3965420139166
949.5592980838318
949.7501660115248
949.930404455784
950.0671910989187
950.6180399737062
951.1091166837749
951.3795511211622
951.6752086263723
951.9726907329443
952.3439113204842
952.4814247060389
952.9281581773131
953.0898875439725
953.6780578060125
953.8171998277769
953.8960606184991
954.4424264012415
954.5892547031408
954.5839494969989
954.8829779692251
955.161509188146
955.3604687863955
955.5976168434538
955.6263804971559
955.9213458627738
956.0223970902703
956.1865202458168
956.2406053387982
956.2694540339165
956.4811622744459
956.7408615232871
956.853291794115
957.117451098572
957.1752902421717
957.3870366543605
957.6607124093557
957.9425359705851
958.5005258523438
958.5272120335619
958.8565146772173
958.9131329824584
959.1504074349357
959.0144171400293
959.3099849884578
959.5004779435833
959.7020897442092
959.9082036257381
959.89350536082
959.7188276260238
959.7608900962153
960.2869089860848
960.5070476490221
960.508465404924
960.677291343115
960.7255874643996
960.865106589062
960.9852368705531
961.3685143277544
961.4381643175129
961.4861074974697
961.7290420388689
962.0975583067217
962.9069673484933
963.1706004655302
963.3732962529918
963.4598174247302
963.5630521631882
963.9396355786718
964.0802645794055
964.1290377266051
964.2816449950473
964.1057443699772
963.9441117386936
963.7677690859056
963.8108969135122
963.7830935115662
963.9437960035399
964.4213141321994
964.2513614109612
964.0761930086185
963.9024288567186
963.7263833286171
963.5635503797979
963.3863349107808
963.7521331067919
964.5427954319548
964.6638914916151
965.5163116706385
965.5598682309911
965.6310203391041
965.6655168024129
965.6277789558117
965.6949782611068
966.2002050292288
966.3578433266501
966.5666075662504
967.0159925752894
967.16783819439
967.5623737152741
967.6847157062035
968.0893270047258
968.608045254135
968.8102626530051
968.9345070444999
969.1687451828243
969.327896693553
969.3498487709612
969.5978840030526
970.0259886395794
970.3577921253965
970.9036986157128
971.416568407085
972.1839461255028
972.7222728350603
972.9587798084877
973.474410339782
974.3094011916911
974.5181399802535
975.342998433805
975.4807870611161
975.8616024177685
976.2605700866134
976.8826616371715
976.9316097123209
976.9853103234876
977.0296552398813
977.2275621546638
977.3782926564904
977.4183710591847
977.5327985168259
977.6096706379994
977.6615096406903
977.8322534552681
977.903997889041
978.1723753084326
978.4188129276711
978.5161702080657
978.6467964467633
978.6959221258753
978.710168377612
978.9599846461977
979.3578217562894
979.5791348056634
979.9529733345087
980.0048405987686
980.4876719624497
980.6896842729401
980.8023699374627
980.8010965279774
980.9366464860686
981.0072529131936
981.0531933949916
981.1530725132832
981.0955593263758
981.934280586862
982.3141275311319
982.7844373103626
983.1787914720038
983.3425170609254
983.5473662050912
984.0182994838909
984.424386049628
984.5511250078875
984.7206821125786
984.8315141630366
984.846118978636
985.4888717687713
985.9210057785941
986.113688465169
985.9887954393653
986.2094892617347
986.0577671106141
986.6085218252854
986.8916854934655
986.9667959982387
987.2958559446777
987.4699958774144
987.4986888606735
987.8945134416523
988.0107564900985
988.3821426935302
988.8696514413083
989.1619955413896
989.3739193375367
989.4961562129479
989.4558609744223
989.6707139587971
990.2980896513254
990.1384206619205
990.1188687731961
990.4403687087957
990.3530407015269
990.4354282260281
990.4020856270131
990.2411498619712
990.237760795494
990.5296573216737
990.6584112201015
991.3399469578878
