3.852473286601053
6.088174654190296
4.02610886473085
-0.23872767289948046
7.825654476605921
-1.6313928451249264
-8.809498373809538
6.7311522923011715
2.7130886891402435
0.3365192076144136
6.657811790243481
1.3271140454115482
3.654792154475308
20.122021925141564
20.837198395124698
-0.29519205255428954
4.778743767361954
-7.262851166659054
1.5495763087108463
-0.6346949141799232
0.5214095526156782
13.19699698207356
9.803494380957632
-2.3345958490027017
1.2505521578401029
6.841948886064391
2.3020335322566154
-2.176947468546285
2.0763010889793643
0.8115370041867932
0.5501270061312047
12.625086246791117
-0.19970842637653852
0.232675681196766
-5.0521251667753315
0.3947626459848409
-0.01674206013057261
1.0088793944611667
9.819702244664963
0.31265944441547966
5.058757286388907
-0.6818008569587269
4.214377102102217
-3.443594751455586
4.0105504981286035
8.587333558193352
6.048431813812185
2.393310470909115
17.797672583030153
5.571896064924844
2.679181917395053
1.829134515173687
0.46502535833286684
4.02645136920278
5.0026503171411605
4.7721244266303176
1.6974725207999173
5.094220489623124
11.853467988506006
2.355258680273505
-4.11156972259427
-3.1913982055586545
-1.7818647022906322
-5.302386315622849
7.703452872251299
3.566425865587273
1.819876200084921
-1.4312245755317399
-3.791827946115329
1.859235382115249
2.181849294235788
5.659434084675793
5.677212737934865
-0.9876457982856421
6.271809233478993
4.69561748726684
-1.7902483903788584
-1.864723003631366
-1.8815056155773975
4.535775445020027
-0.32870712696683185
1.5071575915987987
1.8270771065457647
-4.996925003438594
3.3470281780130353
6.60651730491311
-3.9559605145138557
-0.9589095831404023
-0.7203843452935799
-2.660427433540744
-2.593560798212012
2.809143029382827
1.9810069214049044
1.8517584525798871
2.4662218408831444
-0.4434618958796797
0.7782436838962633
19.512258392022733
9.712384720263165
-0.2900641895666465
2.6190017934608583
-1.9589613536341863
4.20234287793131
7.731650140947446
-0.42453294533764174
-5.679509333788083
10.959400483458076
-4.7818762526112835
1.9513681891371393
-2.920922577577363
-3.1633174851493293
4.8201713422083765
9.370997545259533
-6.976977570581892
1.1584932896351283
4.238649928585002
4.410637983336711
-7.656825694146775
2.95749243715325
2.6381044680506416
-2.118094048936065
-1.3248850872758828
-2.0331541470423993
-0.28811209194505805
-7.9056909881282165
1.295463320569822
-1.744076673613956
2.260015152288704
1.5253981584546923
4.765998451678002
-2.777455043748123
-2.415226990151061
8.594617843975872
9.671161157205972
0.8625571341319436
4.24372631087681
0.9733739668004221
4.510792035333628
-3.000728551853455
0.04115687019795433
-4.663477242030686
-10.72259121865233
2.2228529432488906
2.018916618532187
7.779693759223228
7.33377885005868
2.686680398764127
3.028128393193273
-0.03537581029824146
-3.361536180375721
0.1294060889610767
3.8243381206529743
-2.1179650792505096
3.4431134960270255
-1.4218258098126773
8.002178647140289
-0.7623263677691166
1.6621268905511855
6.96798824724656
1.471162239255645
1.624328075042703
-3.268070016688235
2.7319712799022033
-4.6431450406645896
15.099429431250629
12.58418861418332
0.05961478965888162
11.597155916836286
-4.405029627144783
-1.9833746838366593
-0.8845284766768351
-4.487629955093944
4.441489211245672
5.542509433115949
-2.1143168682792925
-1.547420308379613
22.349752739723037
7.561864953415975
9.70977722964921
-1.5298663039305174
13.738264113961682
9.067727106034384
7.650387490418692
15.386532530751682
9.457894760574106
-0.692723348269503
-8.49201665326661
9.932814196252508
-5.701203238694248
-1.3112669426340193
-7.184909036104988
23.700862322468666
-2.56447021337022
5.301385020997819
-6.623685821912957
7.5921224258228595
-0.4625928234647952
-4.135631212899532
4.952427632480765
-4.5246560206568045
-2.4458549155723155
1.7281264906097205
5.852871322721867
7.0856605122646235
0.269539675833712
15.360235646521987
4.369625024425632
-1.2609083412833897
8.349136921304538
4.916772414073629
1.0508818659841588
0.051909874891273106
4.454770688796298
3.652660650617634
-0.18815725992871452
2.3427760617603877
1.6142422396642733
5.719826522757948
3.489552792004183
2.472579390938669
-2.8674947772717463
17.19775229447409
10.924672682960828
4.339412244292812
21.7607336597959
5.630977102345189
28.028824619945052
1.8122546480103348
0.8861362128185301
-3.5423176466966506
-3.2685173068430418
1.0607859140438276
-11.208033044913119
-4.109229913617533
5.0721414641838125
2.2502486264683643
-0.32489557696455795
-4.094299765997264
2.353820311497549
-2.784986998526602
2.5586304388151193
3.642441281756923
-2.942765140979565
5.657333232444459
-1.546178070779578
-2.6468965964614783
-1.5437657200871229
-1.7092759379511075
1.1262160205994545
7.899422083283216
0.8509020019264666
-1.6571437577285664
-9.592862841171854
-5.48477893994792
-5.1484109369203
11.821724923932926
-3.1733440700755913
0.019726886428092727
18.110240811780816
-5.857562801374263
4.395006298685362
1.4861093787332378
2.3970469834305463
12.801676205067194
-2.524236936052512
-5.3631586104974955
15.320338853855986
-5.359387440928748
4.644746772983176
0.5315023799861902
3.417284642378974
-1.7896326634496407
-0.7137822903199839
-4.914459930516475
8.143859655516156
2.0271506888874926
3.351139274242161
2.7651597379020343
0.17671419463287358
7.983822748354193
6.591614425486765
-1.2409932860150623
4.692137865246215
4.280092040339549
0.970517159601519
2.9395776358261068
-4.945598879187346
-0.227833509152278
12.673556057964072
-1.1557973023408885
1.9222267704599807
6.9988666966049164
23.010462302586834
-2.3030036133776366
-0.04001684130066359
19.308249859032518
-2.1273999768700707
4.854165342229707
2.0284379454141557
0.7894150882377867
-4.461632690495831
7.548915312689075
2.848688852013068
7.388394072022055
-0.6866145540779084
0.05915322648120504
-3.0333386566617997
0.8371331406795104
5.6450042791579635
2.1437283199866655
4.112425742321511
-4.8073832989788805
-1.0309422018167826
0.7126223642030335
0.6477511354397094
-6.8789304402584825
-2.739915448858151
9.291104317958448
4.089851938177238
1.5979773698346573
-1.4553204465937222
-0.4476602532477417
1.5339067304544232
-2.2323174929325478
11.906803164904275
3.2994093926636228
-0.1983601111469812
2.6152399221753253
1.955622809752993
2.1773243891599923
1.0960166646557639
8.45165141941276
7.138038062836569
11.023234846992157
12.580204117105728
7.975443290965413
3.6402164744684193
-2.6116260476267517
3.4611901096988626
13.843729685233253
-0.8411581973121391
-0.9907466492683368
0.4869442387239858
-0.3151091382941681
-2.0074035977266993
0.14331292260219333
-1.2529613621612539
1.5146748228427793
11.7114768659383
12.236891907171685
-0.7724539579342381
2.1506256649646605
1.901379723525978
1.049482833909047
-4.062520494608751
2.0970671955260185
3.7015113567398394
4.614541003789113
10.829996292579912
7.480571200647387
9.503104980258621
-1.4715626664595844
13.024074053444117
-0.11006894988210886
-1.7737166342681503
15.452642052276094
3.774478688525701
16.472219662776347
14.435147994416713
4.334253714388722
0.7003885128545149
28.977993361951608
10.080327341035042
10.232879526555758
0.045076251923086494
-0.43529369766499676
6.114910877552823
0.8375444555025113
3.146559545704677
1.8950963212142626
7.391315497200765
4.066026806860363
5.889719320332656
-1.189756376428528
-4.718534739611584
-0.6601465834359591
0.7404982497576247
6.885270860029545
-2.771392209138221
4.178272777357222
-1.0969876898695268
-2.340678838983809
3.892629509385637
2.3789928353871117
3.312867391526163
-2.3659588777976692
21.41530528499924
1.6414243648193723
-0.5407156269147708
5.728468286171054
-4.886585762503658
7.086495377933261
5.390872937039996
-4.6643472167633195
1.026901263861974
-0.3713091759012672
-2.869101095675058
9.90166396941242
-0.1609688251327484
-0.05600300335373043
-2.1196482784592208
12.369255165181526
21.929510522279795
-3.5458357759834302
5.859638062936432
-4.616317597863709
4.010784263170309
11.090469057966253
3.3252739956029225
15.318580369217406
2.0148298450659508
2.317349279339915
-6.539848101069841
6.0997043839100975
1.765648494663779
-0.47462181417830523
6.907773693801539
7.397042636122683
4.132519685101168
-2.4901606056956402
1.9305161044421044
6.388738026353337
0.3026006098704643
4.6212138010292545
1.2754557579820474
-1.2494767138024336
3.71624561354053
-0.5173217973033745
-1.960529578931376
-0.8469297947174074
4.684545222028957
20.74188218528059
-3.851291056236543
1.2736397338776833
4.050748403730994
9.98424507894513
5.560677382379607
-6.420541370108325
4.29326522689896
-0.8998991612333831
3.8411069117270533
10.5952664211029
3.177927257817929
-1.978678421911576
-2.741933379819324
6.2008472666344705
2.696331243109845
6.7154119354848
-1.8394452452800185
-1.7427896676939505
2.946349236998859
-3.3982543942542245
-2.6547913708175437
1.3713394096351434
5.524635250420595
-12.536203923400803
-7.432687667425034
-7.108199962225749
-8.5684445168732
-58.11749218630199
384.41740938698416
47.622563925327164
51.975251050630156
32.298191810664385
-2.357679290773223
-0.8000377828484178
2.2801417639916215
24.46138559763135
-0.8164859156151545
12.76689890677274
12.080282287707902
7.829426996212486
0.7006306077996366
30.945338065220607
-0.012372576562722726
5.199030247133088
5.004810361583473
10.23720861520417
-15.826527125673913
-23.321673300335657
-33.60161657793151
-27.706714119459075
-3.8565599198255978
3.123688092353365
-21.08325053330625
62.88637699347545
-1.7579163236119602
159.46594313538637
-11.257950208187001
12.192874620411258
109.25859896675935
59.772013562955124
36.52386220045378
12.315641635052714
408.13598948145307
338.5344492209227
427.49001512949076
344.8593519851646
315.71183104906606
152.16729891771968
111.19975820353876
308.38655809778606
524.2665985404603
343.8858895630599
963.8796867933069
225.57819062963844
304.4115551890306
39.138013455140836
292.0693753777425
501.72127186697355
309.8300412566304
262.37004844153626
350.6629504447864
261.3306877516047
245.29530376190405
408.72598066671816
277.13226456897974
145.7742746322272
284.5711707345861
25.65010485844238
112.36811711581977
314.00302843884987
123.93325066857082
151.00552077477985
274.73875756378726
326.4670536326205
101.5729337420755
14.89440580631902
379.73421268587055
303.10502955447316
258.4410857384222
218.76939466998988
256.6648571404827
400.17247667700326
324.6296699722309
270.0711114753386
410.5078029531943
283.9627204453087
277.1547384752977
164.72950712468915
258.79395550098775
202.23864233232987
284.3149560781354
270.59625044879806
201.31551635873805
216.7411185919838
306.61365842592096
528.0672962832899
166.3839906966873
181.19086996625072
314.9911161888479
308.7235766475888
742.2040633030698
420.6065528519168
227.8875083049244
362.3231276291904
313.67821648126716
230.21686903571424
205.36710733473552
288.9474120800946
243.2668682256982
276.71828933387854
308.1538306554727
567.4803788873469
543.1430041939216
237.8047776530828
319.44235085939886
359.8432556945626
332.418212476349
261.34845732959195
94.66840763897777
264.5134668405195
220.33506294855192
183.25122335652944
256.30100285975743
349.52296542727663
321.5948666769165
260.2018903211361
255.70386582030687
344.7307069959518
299.4734334493007
259.6856730528574
57.907703972642544
260.25308296739684
264.59401074317884
375.752767203232
144.1376971302639
265.50561033468904
327.9582378636126
761.1786542242738
304.19228443417086
294.4412787851417
261.48343645868584
237.9177666647681
232.025787018802
298.5600553651536
413.9769154520378
436.20676676300826
322.4212166910045
382.52998904140736
347.84833728067684
326.36535698937166
224.62455917578137
128.54009297003043
265.67263746011224
333.5478439186078
210.50716745257066
303.13876406873175
164.84893151521524
260.80565950469395
230.3757328593896
166.60478118846098
246.99159181013596
288.8195132813333
293.33200304155474
237.13487437503846
219.77455283125963
319.08694663778607
261.65926483611076
265.8353577634753
277.26897428090615
334.5577110072476
279.6175284055901
292.1907801328629
238.71553281002207
275.6105698420354
274.8507284672361
251.18962281308362
288.526137277384
249.6851399325357
302.98886717852184
276.75053364168684
302.34942964405224
274.9632315038241
213.95880219032608
277.43122080420187
346.6509810480168
291.6767570253046
282.5392675821093
163.90447449425403
281.96924130284685
233.5415594610204
249.6212633244486
262.36019000747376
250.9797694400199
271.5019560824234
326.09927359756676
282.9568728746637
177.62633260207312
253.94302329080887
316.91688914675603
294.86451105245357
290.203576751567
270.8313584025842
237.25294535918
317.6816204639481
154.07255376739417
220.47084455053195
349.35838051870076
325.7566998370145
367.4439657346518
270.54213538147593
311.6757963518741
358.56728974515
475.6524398985582
286.62242911140885
361.67585518866656
253.8385599569945
200.15037956359515
316.35265041513264
5.5112050837614195
1.5901102200956276
0.012586958102843826
387.87744091261374
59.57067155305586
358.0370536866913
233.88127207079327
293.9058118269119
206.20329224696107
323.2361323297087
338.5222283343061
301.2335938957977
347.9457461653128
294.08027399190894
343.67652598720656
423.08092413705975
288.89843653194964
310.2053496578361
42.19444566830463
295.7900167091704
273.26770181579957
361.30626003189354
589.5579052136854
234.73466636526808
298.06607375857675
224.2211895585739
238.67960614709116
302.3091853269669
320.40830507543217
308.22850707822727
280.50968417256
33.90493777569699
263.7338704853746
238.1456794633633
7.145397991805234
460.0187825108575
357.8798125051637
214.85093136872675
340.5433678720118
372.1096377573702
299.3814406996279
653.6630280020635
231.01697393972148
231.6109337938167
335.2521190662044
337.06000236164704
327.6495358792775
390.92355814245315
350.3754411136962
392.1363514827745
388.92356765264896
331.3352803400943
304.66669729079166
315.72505351265585
326.98300719820764
338.48479824744777
331.37127328626235
387.445056757677
336.4958461545535
342.63935314166685
332.52388368317565
309.03638938440685
51.86114451056244
295.49857277142587
289.1862135791781
280.4943374305995
317.6995902819155
272.03536237145016
344.22438832799475
234.9850559685307
234.80574660957618
272.78105989197974
288.0954094581553
428.1860902128956
288.7923908976608
278.49032288204086
279.6135684798826
317.1458232302092
324.8993352996263
299.3331079458956
280.50458230451846
293.66408126161184
277.3355236457181
372.4736252205062
250.01856595340976
318.4395393468816
334.0363517358345
345.7039038355101
280.74305510468855
302.5769480183712
343.9400943769963
353.4851071131595
292.50225017295674
271.45583875803055
296.27845440569234
300.87615812935456
281.2802621385046
279.4023121154156
370.15746442631354
283.00486969727507
269.76652829533697
300.5452301916887
297.7979556634379
286.27729601630443
332.04567196414666
350.3663279834542
255.76711649321027
288.53011342360367
388.379380120949
287.98160699443093
276.55895636524303
240.55516255448978
297.7162708691707
336.07506880997084
6.3958457177675045
129.32482501328926
111.70261861007226
316.8954824045996
343.1130637224052
280.3461430639565
340.17999908361486
434.62319567177553
370.05762711313264
312.6666760259752
279.0995222141854
261.54814381897444
341.1816419959569
314.62297235940844
242.4065345262379
138.50844703773294
343.19060031888534
192.55392000630178
271.2374450278895
248.12778832644932
265.26852417804633
335.07134912143584
288.88849877478737
283.9011625556198
228.4919144750508
211.61046003107148
278.7968679088209
259.3119845685041
306.45799792807185
327.7472935984053
338.84508269135154
287.9860481908025
230.26702534816167
291.9406566876256
109.8715190551025
105.90262671984748
103.91747014452297
240.19434550694115
214.51478812697357
247.87727115095302
318.7067948867881
215.6697542572053
326.5222393656128
363.9757124788954
313.3198031363973
324.43761035062266
304.3828719138721
247.43315104972794
188.30407484866896
215.9969605009138
303.65744964781345
196.21625370645663
282.6448031135373
230.01872265752047
281.66887891819704
279.18838306818736
244.47872973156575
423.499933074679
339.7329464316784
379.4882773779829
60.87359169472722
384.89457163878234
104.24507276270822
81.1096073294642
72.54293749641015
124.64688802482975
84.75774319913083
320.8428447643262
294.90815555831
1124.7729898362388
337.8714098532826
286.3940165879019
396.7770319399892
407.9409120543352
336.16016714292607
238.5531026870694
311.019293914854
280.91077583285016
242.84564581122896
267.51910498680735
266.5946431650475
255.21809627901803
254.6200294496736
396.3404268538807
346.9248639957009
281.8991612089438
406.1379987271322
361.0505917774141
327.5185450991557
382.18562795968484
314.5202644966913
303.7679957633304
360.92106761668964
123.5981436428543
271.13994200669873
401.7269942694212
322.1294361219212
425.44546781575707
380.06891148893806
411.0644131741065
471.47935042431186
282.89119508214674
153.2536785549724
270.39366564302884
127.66042698701438
267.14471980183777
423.7348931546046
106.2095771456539
344.44402278813476
307.7179497087595
448.4079647558645
161.23074660583023
118.57953307309809
289.42325830930264
100.91258452712896
193.6853555364756
413.2017427744233
412.01698614999515
386.9600906386405
355.1549185598821
404.8953234351243
128.81900886673947
381.2594081433383
376.1526819511131
154.50609830921397
143.88085823914417
358.5744863283871
354.5245221225719
410.17360972929697
407.1916647145554
348.5032682165915
316.6564510678005
436.19934282985594
382.25162904864084
85.12172096135724
333.85568924230006
404.0515159521343
306.84754370042265
304.5680278436104
337.53739855543273
440.0403726712562
387.657542827879
407.0752781674865
366.65288248381114
518.1605734554298
379.95349424426104
153.20461976478
385.70988919100085
245.78764881835542
115.7916574996649
167.97798747213656
354.6139776485563
112.3093866885521
388.231099082019
122.95499724562941
119.43236563861961
405.5784664324153
274.1671218851218
135.6397291219343
317.08383622422326
633.9235022242946
482.65861812654913
457.9556956937115
387.1613597877194
424.82379569154665
358.00383615053516
544.1728776422501
539.4111544685358
320.4203778075799
277.2338243813689
295.04743331424083
394.5788889488327
445.074489246587
406.52448992540536
384.8445580112814
369.1586366581006
345.4200710054344
156.19302724265694
103.24496187066285
231.9225169675885
215.1450705719583
386.7940170672193
395.7958492744258
544.7789792090427
388.73296123704773
136.52354988604336
313.9197369632832
465.3743550798223
467.2644765386443
403.2435521830228
408.37777024189893
506.88187146269445
338.525967553154
121.51588394369486
438.55169784225774
356.51145474688985
401.0049173740996
493.6962745032987
431.90041994144434
375.00242723794923
442.0471566300738
393.9816238595694
400.7879126484106
333.0614716088092
564.2207506918759
431.5499822158016
368.8893954195247
401.6960501833123
342.73611984635306
384.74416516969586
311.0382952127719
356.061634519182
277.87297154029886
531.4980429615975
399.9463522657676
99.65396687607375
620.6620348754323
333.75094560999327
377.13784360507725
308.1543699232021
382.1384685075915
376.87138007075
508.2400933473
141.99346256622871
419.4420057464565
415.6438495459136
472.05613315298825
444.5883360677441
365.3158205610395
352.09785438988513
425.49966594981316
468.0655231670083
361.4501335338136
355.0716589871442
421.1054504203129
461.8557873711074
525.8633173337362
368.4596320710312
447.47492544913007
360.819714071181
212.95260608676392
504.34517475082964
595.7493980874526
17.158951584785175
155.75921419152675
317.54369812167
-25.742343123204975
421.30809997512495
545.7168351720067
287.9019050494352
1.4405370262962185
215.93933933946332
282.11046918166744
145.55748159952813
386.7742109606205
346.4606377366949
443.3032659807373
388.6949662684128
262.26371286809257
323.78213482802863
220.35015596056118
467.86885432539316
378.3036055854237
443.2798110508221
308.56149457745886
59.4293958919406
174.3043524601224
381.53890879723826
403.8567856781713
361.11319441740005
491.9868978714521
67.37312869228664
439.04742341714046
443.84496203846464
484.72602161746676
450.52776807774285
545.9659484902487
480.2144279845674
502.9898648519332
579.5343301504851
406.59951523805296
571.3211550316979
406.20992015164904
435.1925290713712
397.9850484971287
611.317051956501
174.17591254788726
387.2515784644887
503.1084432279537
409.95287995967647
95.04315159702439
496.53380147837186
476.954393052441
440.60301991850133
489.3677807772951
354.21627613856396
555.3052088104564
395.70009937182425
504.90217123364704
115.28396807700445
186.71704450792862
415.34679942967324
431.04183766042496
139.19973136620266
116.79059737630179
259.6373470097298
164.3786799991474
330.59834335352315
345.5511858833465
367.2124415170423
291.4101250512395
352.1024027329864
356.96849685423444
141.17386506940974
220.93680084021253
124.36945918874812
138.46627474029685
482.6053017107948
162.22244395594822
376.00480295173435
487.930550218517
349.5496513642445
101.94625143425385
110.86123286264365
166.47071966774166
376.8759142627688
215.07516140197234
135.05367404419357
123.6891622624451
211.013740113681
422.17828310619643
352.41672636017984
112.56690460845832
446.23167015059613
208.18220671135438
165.73729855647778
358.9543699860844
110.90193665408006
112.37902030943003
421.2900624270606
197.0784410038306
722.0289485407437
214.46596728357144
115.3291478171612
382.67644406103295
131.10992604113937
475.070087548667
443.4297095428274
398.467583446394
403.2253404171652
491.7387099443907
382.192718000383
385.66753711920643
173.53512417198806
179.7536790709261
358.1337778069884
437.10478760543384
314.4202323794957
118.643665570755
349.1421504104219
353.3834722297265
449.03976089574013
152.17861959105812
149.8048753122814
112.26003722074422
148.14338895113474
140.75722758864953
119.08775166067137
125.8918639020304
172.79846232297493
653.977840265717
114.61094757228658
327.468334055482
413.29494161691235
593.9405822344811
162.8453177756644
114.46351325011325
479.8963397743168
155.1651475569616
119.83067120283181
108.38657583498455
108.32453108615273
165.61710896950052
367.60883984139554
615.7001244309583
155.66361375111288
164.89566637948593
315.481077289485
118.68358760702371
453.4973780723648
221.9585059101644
107.47893318891
221.733888769711
120.23549537415396
424.86902113771856
360.3287237603402
128.10928910926486
332.8118855617634
110.8868892325143
540.2810071364008
469.1514433455108
355.6078918582872
389.21025393898043
135.5663273988311
455.0991837294447
341.56650446952005
349.33863461859585
431.33595689484594
468.10716448623896
354.4291563654588
445.2202493566635
373.35675711266225
388.2606224447564
451.79431024336736
605.0184869556651
383.91329590482377
454.2296437069511
246.50965031893773
359.69277881430247
446.85305176300915
341.2700367355194
137.71584792871394
839.197351751278
459.19117115494294
372.31399208087527
375.9891259546208
568.9514968428775
538.6258039632022
415.63833016729797
561.2324904382589
258.48021214487966
159.48761207867324
583.1255186484142
106.7201757501916
393.9400864166245
478.38675356661673
391.9074868920811
315.14783986587787
303.96324174632997
408.8460748727379
98.10748079951952
557.2473690892762
105.7786381665689
286.20441981179005
462.7529078126175
193.15456771677145
848.5210807687307
735.5135103089663
120.34568526579504
792.1437654068275
150.25640314587127
561.5799955280854
609.1707985233091
267.1380728926711
810.6617010560861
182.77321937148014
316.5100498552105
140.53635002440404
491.4563690963858
355.260278836006
110.45086269484051
136.71893211673486
138.7821442959014
458.41583140782234
118.68410769370766
593.4890911306567
819.6873848455705
853.3935450812093
685.3688827381426
615.3603548966812
688.418201946538
135.81014655850453
190.81760644686008
668.8964067031167
127.19766280084387
167.13968194414008
286.14666509590666
131.9949849218526
111.44448624886658
107.30454938521812
131.8791150517117
123.67219563971229
106.3533756429192
158.7262775962995
215.32956377015333
181.51565946200353
235.69248615378487
119.29713241060871
136.11303965165115
516.7411379153539
2.020336192189535
32.870593271836114
481.0111267571619
61.864715738665346
226.64094192701938
179.70609825814074
5.022285910450909
-0.20663468535217133
1.4158949837768802
325.9779470539377
531.4358040205504
816.8205655227528
738.2206480581863
-38.4173307257011
260.2247275282774
607.1844416499989
138.58018333842725
678.3703922898538
199.4907720133409
927.0657571045074
619.7342986683582
164.42833446717304
359.87571174264025
161.7173250132302
357.0407436618482
423.08112950613287
127.54012811020624
101.05941392899707
698.9571987498061
521.2267250411494
114.7168904783821
640.4625583270548
439.55099035133463
726.4208181460574
628.7536093644853
195.34789091405236
392.9513741724423
707.4465735284989
111.79336990659097
97.3580793287766
628.4608060785515
534.6089740634391
717.4268062565718
487.67683338824725
339.2568103546865
161.9717732209453
176.39735807587277
757.6123102233066
603.6078457364694
949.5779471567234
225.18631385264237
462.40369179683626
723.5593259720652
475.1622212790057
182.26658777264063
141.86201545818454
131.75996894258452
99.67545375909305
206.57476578240025
560.5597265457402
851.5217234902018
124.60341227454592
388.09300459544073
232.70371354057988
697.0344997094583
202.97489033692642
497.85713225916953
216.19883717568158
197.46139494887728
298.7682385977973
541.290275799101
466.0219938246405
142.13625061936796
111.06406570820924
214.07767311472756
133.08342863988443
331.6570169865349
280.73877995065743
176.07102512579004
382.7559777399158
152.8831366157292
259.34186939386575
380.2758850987131
216.55072984445283
113.50663112129757
352.6360220013037
144.76722008665604
215.58948997561853
106.63607667455791
110.34254437200785
106.78287856259405
146.22935477778327
279.47466115072814
276.20198232266785
475.16581584169
527.269716746772
643.5315195258528
469.04542341425093
563.6519093444388
522.8759545958171
586.3277557978497
265.97721327652056
812.3553048514036
880.380348677015
391.12633053772424
151.54191070018683
408.84188207269926
366.82538692461435
363.4816011555374
118.42521370990079
109.8348168193217
110.04113439735693
406.5826839176499
112.79737650464382
108.42451078957697
159.74985171448748
455.23884890153806
346.77284785797457
798.244400946393
320.0886074647831
1264.881092297285
160.19027044232453
193.37136394528292
390.8037115737639
415.8977201193647
520.5749916998635
466.07589452453584
209.38512438344443
248.4674554046835
389.31668781650177
539.6928828001778
399.71854867626985
404.9529296475317
593.661314024717
315.6273864999225
442.782428177745
154.8874483519122
372.9235163831997
739.6197316629379
398.73233076070665
255.71927948788957
199.63686858581914
244.14647529699434
242.64399784570827
405.2420640104582
416.80473971449345
170.78521431110448
505.2572666814831
666.1602142285434
291.6691893923905
873.4058508714817
230.3080689675916
439.441643032207
646.486410268389
676.4101547043471
354.66643373950916
143.4003580082859
379.2500854423076
262.5497374390035
477.6070039990589
529.8533353969754
367.48864080141493
365.96612285813205
367.7237290914552
365.9673188621836
127.48581813914055
113.63411894368812
621.523927277644
638.5383973059749
794.0740778157923
380.752541680703
232.1328278582432
450.5529919394145
441.4720427904892
764.6850304996174
570.5573230847807
628.3463122683065
269.5156695259559
269.1823392749735
346.89156556599636
462.2909955943682
613.7545544106434
528.5937335436275
146.501457385333
723.0643362652752
549.4313193469516
322.9500370960733
334.823186840147
244.47320734078
819.6041271769392
1153.0224189310022
461.1276769865813
578.2446136179839
531.5934267990225
347.50467004525296
467.065996922452
427.2118861127196
286.0952173584381
218.4579878098041
373.4349776467309
222.4334983627594
225.50320546280673
718.5590697131634
388.14434084903434
117.18946023712421
465.5276345335813
378.33053534111485
615.0588803417421
412.99669903192796
198.61789658367104
147.82575467405385
760.7664206823324
881.3087846387562
480.3818477313738
596.7815360390126
420.8919022937232
434.7591499391134
969.1478232535244
601.8190136679283
732.0636321581085
505.66695389786
589.201833197589
704.1455535619693
348.37217902644227
712.9877280127614
-0.6439991132072109
707.192844984667
624.4887159671982
1332.6975375885281
347.13708651415294
244.9674613381714
1059.0348863385043
959.5462179284488
896.3470609136506
1025.0109090648498
888.050946340366
1039.7794008680337
657.6720741230582
219.2101998177399
120.03511985356123
461.4842218272364
621.9806157435995
223.69849111000786
705.2950653829226
444.9369449925034
179.8774060547472
196.43163721722422
501.9136617997578
1315.1332426833578
266.05857993789914
698.2558755422458
1477.0854569194462
532.423597189923
843.9155946309514
327.52384192668296
471.68702984766054
435.5768652989744
179.58166263308053
172.42011651090996
870.0929384222337
178.03042123282972
1304.8563130382659
402.5901479804757
474.5744889737762
418.9777959517572
315.6256668972583
361.4772643524978
509.4223762593735
1342.453989403376
1304.8128934439555
303.4169773649531
849.3212170718712
921.1803041810007
403.99340632640116
407.174801857723
395.08032305214937
1079.3914236327273
335.06728499494193
341.6697036235901
642.6952605151965
751.0467734828094
579.8464582332591
382.6906205127543
475.25937377405995
721.0923295440854
308.4182669032979
493.5390531682597
110.46710278763102
509.1102449626274
130.55131805021367
1255.0364222658066
117.26773499193862
434.162405621399
634.1120216605933
726.1251391198737
269.01339143409433
581.6019133794618
665.7620651805634
600.3406526995209
975.2380307178522
535.5640492084192
356.639601739444
887.0806787110214
790.9868550535598
597.5089717419586
497.2407256104191
968.614411398426
660.9897427168511
673.1090476489401
243.8693336020139
435.6609154695697
713.0182160697383
131.79934191365913
131.18027616566246
659.7256988577278
216.15223295120853
666.0883741584087
287.33158613873155
121.05221662410963
134.12713802652252
157.36974813012552
143.65856430041381
383.38831245756603
134.86402141620465
997.7208751125372
2482.526855141205
478.0761832663868
888.1143806726697
885.8957454309003
1026.9255106203366
166.03369526145022
1630.1324192849295
442.7032869994839
667.7907514174026
521.4039713032505
421.2795816022321
407.4897776026884
96.38285389093423
161.09001215573173
392.2101599646533
118.68444320942127
108.75389509563234
172.72365644085076
283.5252426983203
284.2744805422228
119.6489749062673
111.48995516594093
632.1274280759752
906.1571609839307
747.9959741125863
427.5067848077801
583.2415941303491
436.8685518682226
541.9452665588142
2138.136147069899
1494.2278368278976
734.2065820977163
673.0807684273183
656.8229454794115
1214.535355446053
632.1482403118695
195.32492367115006
742.061775552776
660.8336352256747
808.4119931511402
381.7675128706443
306.6404293784624
269.6561225660683
646.64983819406
603.1606209804544
297.8393633853979
884.4844140746619
802.6808734219139
358.52092787830765
689.2576841277788
159.84861198127695
230.9236909359244
482.80034281426754
167.56989361500965
676.8506380609347
157.64565702708185
1192.5901535738315
123.3457179646634
238.0855638889778
796.7623244311036
889.7517687166095
733.0274476252856
1016.7166233008863
1876.2248788400598
657.5583321374194
134.78982255593507
1803.2305411438347
1520.8430827409957
874.5548879993686
630.4872141089306
393.6929926571834
340.51747406100793
385.5811368539055
686.5747925699762
769.0047613221175
826.8585105874142
864.3481381054132
764.5948893181558
1387.3002401886256
1436.9051925421643
1329.6019819387323
759.2654172452669
780.3617636289181
769.1636450689264
1060.8370798134954
674.5821365040273
1272.6123650353143
1011.3867782277163
779.0849420786001
111.514928748099
105.44862224119844
898.5547006338654
741.6916036058377
441.51927969565844
1122.765612316373
244.0373664760406
362.81446285736376
186.7774269411556
1477.526430987445
694.5675258394004
1207.878870183396
2404.8889757497277
250.86783888050965
1073.5742272533366
490.23764568110727
375.3599842270271
455.89884230980306
421.061911974056
984.5053936053921
1412.831862799284
483.0211801474167
861.535798790533
104.92101452556558
1350.821198315393
130.94973710181884
853.4083534812395
243.98765901953885
207.95463229496008
434.73298799580544
674.4034182564556
700.8596795739056
726.8891875468137
398.4777418109204
570.9011510410193
1047.7709916877438
397.747966441671
118.36472566230808
117.56648567517676
2507.4520026580626
526.908255330012
411.01693086645844
506.83253400684936
1868.538022219343
611.8340772337152
393.7806334747933
1145.0676489763885
1073.295680537482
659.4410955115575
557.7113439894385
1086.9431859976567
145.52941741464736
101.56893124560004
431.09950618124066
353.16188812421274
179.55238601377002
400.65974916056695
333.8169956901152
273.55238200763034
196.20848083048142
722.9951202053304
956.092948085701
313.48059554889494
124.28281331373186
231.20723673292025
352.03169958191313
376.1874749917663
667.0785373633246
439.7735754339746
138.0452207352102
240.6215482665183
241.39949370341387
359.99237759464097
396.6368445362249
321.4369144190405
379.94148864161104
1535.2389429509103
1003.2261435287204
431.3837352440175
694.459449458979
666.4372383669498
644.1655571087773
976.3990021688921
1191.070991518849
1422.3280660870607
1277.4738662885177
963.8200143944575
918.8861871735396
1193.4033267166624
994.1949472518207
1141.52515057998
159.33377066066788
286.15093457882415
212.26285132472844
1400.7546058689677
1020.2472356282351
750.8413672870424
731.6166876762302
2493.6173074812014
373.3397734616469
2369.1620188442353
1019.1492559806574
633.6011254323656
435.08348622126204
288.821217053512
1375.3514046941636
985.1489180319279
327.5079268931915
417.57897119660606
1225.5386948264065
182.30299228403007
117.4746873299857
740.7231799927632
1845.4818826064432
1023.7582201927827
162.08072868177928
295.03935031324943
1589.8048691997872
157.5531695391575
952.6189372031762
2507.331108920538
1615.9665100561524
557.273129235212
354.8789172086771
1146.1774377354266
980.9860674085501
183.23764690409172
186.7591368098633
1724.795916553995
229.62510107650837
210.27496799253487
1147.3823340260744
1291.2301793042855
778.349264304214
251.98410650191377
672.0354346069491
119.78067833110497
920.9457377691588
228.19709714555037
686.5942782414627
303.35797806533367
1318.4040666457029
1982.7318492402976
1378.636905743876
1703.2978799718326
1001.3068917615278
1070.5713582093306
678.7841730390578
376.7397838836277
1612.060384972285
130.23532530007628
152.52844683820348
758.6892286262195
2297.291435974953
896.8688074389974
1367.8613172674532
1114.516743915404
3412.993042479281
1924.3990451351847
953.8913300242257
897.5017831950678
1211.6844535718992
419.60451796210515
538.7325734724905
506.06658544197603
377.0316254712398
745.872204086158
336.22664450181156
998.7583395646781
3870.605023817697
1015.1402314875199
412.77967264082866
393.82520951911937
913.1227643200987
1061.5537572166224
709.5809156156176
118.13237298556624
141.8508602606397
544.6475177521995
869.3520840290214
1625.6174039970288
1246.3699019119244
533.5524135885388
847.4086099256856
980.7969560565593
426.678410174501
550.3211080830889
207.57047472957325
366.9560786703599
1443.6568514289513
279.0324149270765
1628.862320523055
128.87440744021987
1926.2503552864584
565.3227593661725
146.80378817910213
198.2408820181481
714.4563437084861
138.9444721220267
121.51004898042868
318.7462602830432
217.9597241341745
104.9679675776082
122.27110488324378
1542.0445262368542
437.1985536616758
2202.062809327297
150.73286160509647
236.17558832760417
1943.151229291793
702.3447262049484
2039.2158230147547
1905.5151227979338
1066.9797689880559
1014.9982238420785
1139.88895216418
531.7246538204207
405.89887443437385
3940.0479299559383
1925.4910009441505
347.00277295217995
114.343986041595
117.56694086977195
122.12264607796025
362.9539380672569
114.39681330745717
1004.5983352008826
293.5216769577765
1635.1432211509132
903.08884647796
832.4005667238832
285.7385859111795
219.32146819175904
674.5093756610236
1211.9228462661601
335.16635021307377
1336.9196058127725
1386.4942982893854
241.99960253482237
827.6702752545355
116.9447930636679
109.11580781068129
489.1032149757251
885.8868871103966
1812.0094657902675
860.71552430036
404.9909107905487
506.2690587821856
202.73327151560568
173.12917700563335
112.74164864281454
943.9192996809343
622.7720837107132
132.32354557415215
147.85300334638328
782.136201177995
2293.1241391785034
844.2962336815442
2158.4906021232314
220.6998697739639
2150.5617050086043
1060.4885050570228
2163.340208465631
915.4876758913991
2030.490275895668
3384.4060598960277
1994.6133911584093
2172.4833297817577
2850.423813466582
1096.8577138286564
2001.6400121259608
2443.029031606194
412.15832848655384
2318.1778013110084
1348.5722238771853
666.2939039108408
1853.650899589579
316.8974080997689
1887.643582592334
1797.3594944324084
649.8152024109897
1958.151951587085
579.0623271548234
2151.165255985469
1152.7856812062842
1480.9426280914442
1373.4589470332526
2271.4958241149416
2073.863124591404
2404.076574967308
1644.930736880171
483.581860752025
978.3055583253364
1321.35273420616
2093.9885781270846
1560.9339360894437
1893.907621104864
343.22907053228374
1627.1856790168379
4081.3468705596815
1916.2052438121639
2243.2788071465598
1758.113691058856
1626.8380203710628
966.3142861151781
641.9830173014865
1365.8732356003454
2094.4185031968213
2643.3898399202653
842.3105146438241
1151.6019248526773
1200.8512225513768
602.7680168004279
338.58565911548885
1189.806895079552
356.1278652288899
1254.363394511252
1118.952551986482
1615.5287149526155
180.44579949207977
342.98824048927463
351.9791703215917
903.9217123378048
1634.2079832430672
1319.3348950779655
2855.945821380895
1154.3389368091575
2637.778174642627
266.557828524628
1760.5302031167437
1599.4420841418769
2849.8395330883022
1899.6919736243133
1577.1473354789791
1368.9041709598378
450.48959368680084
491.56232694413535
845.8414002101548
2733.607134002852
1612.4879608543695
1097.8839894586713
2249.5808067919047
122.08064161160895
1309.02283947604
672.7015227033055
2331.925962759801
1800.3528431884527
649.274334040069
1283.1375168330687
2083.8130776580992
3471.4804680630036
873.3785752531822
2955.2994582859046
597.4906320504847
1204.5232285717225
931.0439380694872
645.648940595551
385.8016615541394
2422.638695949476
280.9591514816997
1720.2787070526742
1211.6610178095239
124.25225906306427
1441.142886218552
2911.6809102302295
238.20975829126243
924.8835711528666
1280.8678369786671
112.74454443687429
2175.304384214763
1230.2189330389174
1232.5311060075587
394.75382932914346
373.3171311378025
375.72598097666304
1003.8671609087171
958.9661170495897
1113.1823000832412
986.9714054290396
425.7968131774258
2023.814884612181
866.5622823520977
527.592617431311
1098.5924629680592
857.9554206648936
1476.8120890488565
1134.194604257939
621.2661663107059
939.2678207797381
557.1958364272762
1466.9765839139159
542.9967295869347
492.80616616389347
603.214812677637
399.83948967111377
1025.6721793682543
1024.1190902417225
760.9340411827035
1741.974807339935
1744.6147358548594
1752.1857654151056
1602.8228033910464
243.07114570378525
199.1241059884659
357.974400969161
1081.444094808842
3335.0211846078255
893.3037552101176
1511.2212551286163
1146.6829343633367
2545.936245576394
2037.846760748165
734.9818552671906
1009.3051237318558
2434.8449000265005
1335.0272769598432
1689.4857451575845
1009.3661011603979
266.3440901806951
620.318815479953
472.22937548779595
1215.6096891492805
724.3662109961168
723.0270616911542
1433.5526613263912
1009.8422977398493
827.4657174600628
622.4272197161944
273.1688557010284
3519.0872993976636
1019.1831649513233
4337.8898912112
1662.7396059368475
1182.172373186432
1870.4238513150397
432.81680985704935
389.03295602435287
646.8393944268586
994.8548407326908
765.9501774582558
1771.0905567820744
467.8248779363906
1744.9477041327486
179.54592569817143
4823.494872577901
139.0628109888342
183.96909025156586
929.7910358749074
910.867842328622
125.00211189672767
258.4989207452926
288.736354605644
869.736336202182
659.9895900160192
129.01759113748363
141.7821034348309
1580.5127632207736
138.13947965267948
2190.1588568185525
152.98915853618882
2126.0279557431822
1289.6156238886945
1145.2428915503328
1300.1259407604261
748.5887642668646
695.9406205038624
910.0489126984793
4368.997193037548
1494.6273371772095
1074.3349021414072
744.0864697636314
589.8054676728343
164.17106540319998
1004.4379953625371
164.46488459883582
238.2717568750456
1092.036458488872
573.7777332945013
2017.86775700755
900.8262741997079
2854.4414506822295
660.0494839723167
1048.4536466087002
1933.2232869305926
877.9014301971977
4367.275163751271
1813.0501800268294
1674.3256518705728
233.1484267901975
166.66187216310783
1104.1334931486751
1023.0534919372378
1521.875505182527
686.660495107215
2200.4083411526144
513.7842120426285
134.20809093791826
129.01381307133207
344.77303190231856
389.06705989420624
446.4983331770985
536.7047841311704
344.58050402259596
530.6274105809798
-0.5872205839662483
-0.7330937438760047
-1.6149320003448873
-1.4983952085177956
-0.5643218622656025
-0.6607564331234771
1006.2594584227979
632.9787310579977
1575.07404877687
1063.3405045231048
4740.979788257716
1512.9843954691094
168.27458902404098
250.12751557020007
327.7887268878693
279.7753784270251
2898.1846483760023
1593.627282012792
406.8871878176286
234.4854781613364
618.3808510460512
1037.7646934242262
835.2925242166657
1385.9711230779367
953.4693651647732
1576.5588155439536
228.78869107610595
2521.0021910693376
941.0527836931508
596.2322971036118
600.8291136593463
986.8251791287213
892.398438556299
2493.8689033282967
1661.8080119401916
112.95952479071079
128.1802670555585
1037.1799480271093
1477.2176001016753
412.19739995183295
934.8888261923776
728.9071369010322
318.82307780453885
865.2356467737018
660.8256216540505
2402.0694252997705
138.3898415704697
150.46991219972327
115.74319099884117
173.85348748956775
562.4742623456884
1332.130468733831
112.59880632665781
2373.391210956917
222.092387145321
141.5440862560156
127.52240186340757
179.46441546187165
125.56957578487841
332.4613380497781
1578.666307801837
511.4297764800107
209.16716624647015
1371.376280652018
954.2972957724397
934.4601448975903
666.2267461841597
119.40205145279188
166.17722264881263
1406.4856856231718
763.232380872423
1877.5499271656113
1785.986745603442
1237.4970198417939
708.7117210016501
551.0897725922141
672.0237172783261
733.8478132997956
1663.3302474652796
690.9190898902847
1227.0577003449062
825.6195974110103
778.4485381517787
196.8061008012364
1294.0206751203546
331.1570569111838
979.1666240031233
689.0280449523464
597.5098965991136
760.9850326910606
1399.0681121334014
903.1226078234288
635.9006577371847
1355.3294699495589
432.7590271308825
155.58709016848167
302.68654329259726
399.70549727425635
1180.4967254923304
312.376186475957
1762.9284014306627
2154.16754560562
246.17025399188495
2110.8396037367306
836.3324551828632
710.5759788223173
1019.3980806526445
1536.9581055446984
887.6121318664526
947.2224364866405
947.8110259982452
640.2582740858127
383.05990293629026
677.6083174361065
951.6671247146398
835.9820510730623
1227.757729675306
2709.3467508668286
1912.791753399516
938.8163905383802
867.3042645967316
982.8241861809302
1563.0704165306627
1021.7931005779908
626.3406947922252
1658.2534544938883
1303.7118275019748
1388.8315799935438
1639.690650209379
1546.1758155442558
2449.320002653051
2132.866707339661
1009.8883432176802
1700.1182753796004
504.67098873935345
1313.46279847848
1069.7393519452178
420.50258767736705
807.4317519691507
1984.5628667647418
897.0043039007846
901.5915987226649
963.6604811075277
4129.0561717774
2794.2559311239643
910.3567019087928
3612.2537834065483
865.9758506705145
962.1903009278159
878.110161835869
1569.4920716915387
1490.3800970353082
976.9620220802049
404.6647203046458
542.4305231875711
662.2752922306427
640.4179131577044
1513.0290987675635
1002.0778843065054
1266.7236035027008
648.2451105754905
1084.4317445821855
1508.0281796857814
1200.983946439543
817.6138871477533
1299.8736208306168
735.69298606009
1004.529137085304
977.5184947303003
718.5807668877032
963.6240331383015
1338.6498717212917
644.2897237867015
1315.024101352376
1837.6253437135686
1096.713361364225
670.9013430313242
1099.2069283709513
875.825390264607
1540.0837750674573
294.08452126403057
736.812832428355
686.8884818211347
742.0638520477822
1540.47649213624
964.3351140905044
900.0820768160612
619.5558003308314
694.5578353309152
1656.7613725979231
836.4057956854753
719.0593607017789
1260.231898074876
1450.5113805376736
1494.3335297830265
523.3753549008143
836.6594755115209
1225.2041587676886
187.58870981149295
617.9604151169034
1707.730307061651
609.4690383081154
979.7256686288225
2184.9448593509037
127.93416904071078
170.6996923893544
1274.3418753637534
1961.919115144018
141.94025466391935
200.06825688247295
179.10393047800576
265.8917674992829
628.3132408083418
1262.637999207883
627.084207440936
1608.756568706834
983.2486313774886
1191.5221686473956
1381.141583653869
2941.252215805166
1066.8665634260244
865.7973980238343
911.8994159832279
1745.5375828352817
1711.5771391380401
670.6100781229022
1270.8268999928114
899.7852846900378
1099.658694189257
1495.9387102340102
205.66775571885807
356.82965561598047
571.759753565464
1448.5239903170107
1600.637665153368
1244.5245662696295
1618.5311931434906
742.8099733982108
2704.4099361914105
514.860078981156
628.8977823498111
1301.2386518733158
928.0613804153779
916.8547796227126
676.2874408137727
605.6526554024947
182.97620095525826
1039.052107999018
204.05771452547302
298.2964881344624
985.9401617836483
973.2142346288314
1759.7245973082963
735.9315780817277
489.62984181353744
793.7427235125186
1671.9862996638446
1002.2312392653932
232.5192690289316
1069.272874488423
612.9984872325426
1276.98942302499
1668.5261221738147
893.4641595624548
1049.3973096636564
482.5835965703503
2239.126170473815
844.0781831133648
1029.4262512947441
1851.3723071063016
1029.4098011015967
444.1303594854921
1632.5200214736503
259.0767432560977
980.1337491942232
954.9065666300096
826.8926785429205
925.873185555214
3233.58185638
695.8160636266094
592.141778284428
2319.5767763143444
1020.1435912126447
247.00028857464324
1996.3894471608953
138.4623391929824
141.80218320214428
2169.692342206473
1647.8999116839552
506.22668748619276
1268.174344978895
580.473444208441
1130.0911434652342
944.4285552499115
894.5229283958728
949.8272802372056
969.6150924529798
1167.0011106557165
326.6579091466225
1907.512226317372
989.7200368399622
1288.65216873276
206.23282555775089
324.30226522557217
1258.9109203192718
840.1667627580408
1334.8640439544104
261.0229050076521
1556.3717760448287
204.92876881130337
750.7785044841447
201.35355441796398
683.0873935043279
449.92016827682045
1332.1126983426852
1156.2141022883395
1321.0593300096734
297.7484272062455
937.1137163571616
396.3878339157149
130.19114206537927
3016.3365724863625
127.66760779434722
2399.2645142193364
294.15218796946294
4872.92904348072
365.0492473551834
1139.453952912698
1017.8799740042343
1594.6919188415127
529.9487005321636
1804.25133631302
923.1803995881173
232.13754328278122
481.45017404023525
600.7225102067104
565.8806556350614
313.0782792567997
575.3159656493141
334.05957636135554
1477.378077266736
397.103848506236
584.4757871625662
3174.9520792149783
2415.0032304024026
287.6525196882663
503.666457318137
951.7867528697421
865.049588923575
2430.3088917043574
3040.7216520399793
-14.162739339916259
-14.15288857724788
-14.169411837864596
-14.170472085178528
-14.138988124535384
-14.172137495634471
-14.145713562877733
-14.147802210217826
-14.138112803794135
-14.0155411798714
-14.183071024798336
-14.209091690084898
-14.175703302019066
-14.436084592184113
-14.174364492602242
-14.333373909833618
-14.221026764008009
-14.183863826443183
-14.168244348233259
-14.012762762133843
-14.21419528711042
-14.30994262624724
-14.483526440191799
-14.5414441051413
-14.095248626157627
-14.316251114068763
-14.331928150012239
-13.886787681408126
-13.696835244279363
-13.74645327552161
-13.578619911663907
-13.905118519208312
-13.521540988588502
-14.111422362493824
-12.694140407406048
-13.44449952655841
-13.587198614114026
-12.960344390570533
-10.848950941596005
-11.038731871659422
-9.812154482520032
-11.352256941251445
-11.939958913592083
-11.217945930182278
-10.811161792505965
-15.584604836556997
-15.178780038577292
-15.583281710337257
-15.375911676546103
-16.4167778955992
-16.05268864607107
-17.035008285261917
-16.512413687591653
-16.910326802796266
-16.305241418659012
-15.651257715852319
-16.248829824469592
-15.699296583252194
-15.28314098536218
-15.334095971451495
-13.99269759631548
-14.49649832631412
9.289616466604693
-11.238869923756642
-10.57000692822048
12.26435802165477
-13.230050303081988
-7.469999998114192
-10.197042736179078
16.556361471447577
-5.438111745873408
-23.141027542638945
-92.36950976174573
-18.51024985861399
-10.819253238989917
-10.723738128347515
-10.589960023194989
-7.853723316272574
-8.05441963125641
-6.5965934638235
24.537355298909546
212.11864795649254
254.244129223201
875.9094314555289
79.98157162944817
608.2363906259244
568.8990727655947
7.327920703325272
-13.639499272796586
-18.984991607608745
-11.578140104591442
-6.277506741231791
114.81182132472026
240.2356349308664
61.99834012874351
657.8106688619622
946.4168324640167
17.617693958458098
8.3916498018595
5.325437591350699
7.211629529935759
16.503082385288305
2.4788150300307263
15.991841262899385
1.4557605557068034
-38.80112382745028
20.812642565122086
27.30908639188546
31.833638956202098
15.469787340896566
18.178481457705978
19.212815571172392
17.4292973000266
52.68623134244288
270.77348514139675
85.12270957927532
165.98366753369285
181.66439175277316
308.8684137332265
4.393286483333614
0.16528852478756684
4113.21785866391
233.10489163536533
3092.993347360485
1287.6164835785105
1680.5529845399096
1056.2539945454598
554.7132538060878
3101.006775226429
769.3763473538082
1910.7473624135503
887.3711935607215
475.773038463222
112.4310365592348
1584.4130535714244
2289.934948188293
1012.0756833910337
1963.8100730529284
883.6558392911472
2343.464108638512
311.3808253268419
878.7692852826947
661.4165236135602
1387.1411476721562
2253.5678745810374
990.3281336961376
1208.3337575196438
1288.2130498447232
774.3643578051748
763.5010997957779
1784.433629261532
1193.4275765142295
821.352480070931
102.87995208904836
2045.7561685203266
1317.5562711992768
700.7854399764265
1108.3929743141734
779.2959402662003
397.64068007240246
136.97357731419515
604.7463838131716
549.1371530666523
768.1327065495844
995.8177800576113
1348.52892685266
1861.8934147112325
219.63986297912464
2042.5489654242353
1386.9286890121562
349.431229701308
1326.9346936692111
1064.4545701378604
2101.6585014946922
3802.865962170985
553.061775018743
661.6781921602068
411.6253286165003
114.9662514088612
120.37218790308998
1015.0550842044271
571.3277192991608
2029.1146115774063
922.6823017006994
220.56374460119352
299.3481374025409
609.9854674906974
897.9564840089796
1411.1911400965844
371.189766180716
352.0564597790975
131.40976366352487
122.37056772793552
1011.560785079215
485.36968571974666
3903.8243850706826
840.7463447029817
1147.8887931344927
1966.7875664442615
1513.1102668310798
1395.6593377909458
1275.6532674458444
2334.671537372535
1615.1377852555565
1009.8581301322912
656.9482926434945
627.9440142285615
118.63832557504257
1561.1314072993557
457.4767668490492
1878.5562434987544
1040.4113978519222
1071.7313567145466
918.767097224612
258.11583437571545
1040.525942052847
797.6361421693216
967.6610793102525
2031.3870905094311
1789.299614229982
1251.8117240256302
1284.0535759378558
1615.988346174644
797.5430813144427
2591.0330184705163
949.7406643608731
1346.2858178459103
1188.8096033926504
1499.3880463189096
1784.5948104391168
835.3733946232843
3260.0535263079564
688.7846235561208
320.06890388440036
1485.1894312233296
757.5027487873662
800.929035646802
121.03911775266769
259.9370453876055
211.56191944253712
1234.7611769814607
647.283540213066
1863.79882278707
1937.8524578700815
1281.6612292194716
1227.5061795563095
486.8883482740359
1311.077883163557
1336.3644366335855
1191.5615765349064
195.27573887783566
821.9972381433349
156.66320595190828
453.51620621427026
450.6532684546516
914.2954876183132
1062.5417199061599
720.989002832283
835.425052772957
1765.6399129572544
971.9103572600085
644.9490939896002
467.9521289584291
2216.0078626959685
1372.6784675786348
1936.8232686303381
1328.232842481349
2110.4400059929067
908.2349491082921
1356.6041439181768
1580.2748477717346
938.3389069370838
553.7563580095622
1854.7634008812252
1997.5534284755365
1965.1912985298152
768.4553861330404
450.2601640817255
1391.5830316840409
1442.7201673149902
1368.0800890714083
1278.5939628793542
1332.7787313695449
1021.385200424953
378.17615795627063
743.7993294709543
652.751223918526
3683.5901405610753
1259.2603736305023
2142.6095942580328
838.3981148043345
949.0326778267133
1296.9617393136282
1280.7108960531061
873.0840890109494
930.274382960035
1581.7907130934311
566.2898813520661
3141.213557959811
1400.9419929605997
343.003319912913
2776.1628379094436
1033.594727821037
1638.2529665528407
473.71833011525257
189.19231354724673
1193.2881568824753
1270.919082198604
1296.5691129566846
590.2808125679384
671.4859379583344
353.500331301087
386.0415996521219
1537.290291164451
1618.7552659396147
1575.7268640063683
3637.9355044130743
2105.949842622907
1691.790082308694
1218.5561886458531
761.9334616614275
3060.2303553323986
1580.6799773173093
583.1743961394238
578.7803763467444
1275.5736565523512
1678.9752341115345
2022.1859496010195
1485.04636249103
695.1698220552599
2985.832859254718
1068.3718700812142
1732.1065757994054
2015.2005920570462
1355.717960162087
474.1816958370237
956.6292621636053
761.3070267324675
1468.944912010568
1808.9506790993423
1058.2368704394432
1091.1271229941433
993.3656448027888
1255.63723395816
620.6701935926711
1772.4771263300486
934.6411925944537
1660.9444369188398
1496.0120809190919
209.05622783372613
1610.0596879336076
1567.6179617380283
1223.2762575266681
1950.7173814435396
1121.322970178784
2087.85669418449
750.650158237925
1383.9160303819524
1289.5830582050125
581.2601124837773
1504.0111096964022
1191.1298263510082
965.088427615432
121.8763613212855
2868.506613295572
1669.9286710432345
609.3370377772499
888.560187535221
638.2594976195555
921.4632678900239
903.6363955085867
1378.2283787840195
1168.4574094857276
1505.670242228724
804.1594203944936
1972.889958838832
2230.271986452023
1805.4096900895172
1649.501462505101
2640.92297025045
1165.508579729677
872.897018288824
1800.0101690626716
1673.8938785639145
1987.9816053656357
1016.8299892085913
1419.9442098737998
244.97181635014127
1934.8533131324507
1139.4242759826752
1420.4299333574347
2014.8366404113576
945.7446952130363
824.1840874026774
703.2963980165179
1262.8186247533679
562.1846235010016
811.7136357347576
839.4223064267327
1132.27839616252
1281.4073675451214
915.8401710813811
1280.1724050228718
1387.0678868417624
2323.4855721176195
521.145103433501
3411.584128647998
362.70323394526457
1196.2919976246687
989.5509167264673
1263.426429916387
270.619366481455
126.05002651039815
309.06659744536256
282.0069589532008
276.85255044188034
277.2845287272313
1267.6303057797948
1069.9020287609862
3530.795084328189
1007.524553178656
1123.345159652811
2307.86123122513
1521.8250751734604
673.019813180912
2631.5192083457064
500.8038089973955
1413.8521778084328
569.3278169675066
1004.2455131508773
139.21777466693112
1048.2535783510582
1861.4570153428388
1305.449369203249
154.52600884010164
1459.6672131187613
-0.7426373759360454
-0.7136664145268422
-0.7301403933030884
-1.6003000307910613
-1.9410386001277913
-0.5506015192357944
160.2367100977986
461.95305528701016
-0.7597866755854307
134.09140494853798
134.20210664037222
790.745766850245
1534.8959912080218
-0.702014400120709
-0.7909194219427834
-0.6112693775164231
1448.7820729662262
1277.1120631409237
1283.5985962428845
1557.4830569416713
1186.30197221343
1037.3541168848187
363.99073778552213
1973.405145508475
2118.263162309201
1038.555178025866
1090.4725754490164
949.6533401951936
1939.597925487888
3551.19883570024
1965.6909093456404
1401.4309532161292
956.3389890559708
1254.9586752807952
1154.5134347299918
1179.2727530822217
1800.4396069764118
2088.9737981900716
2772.0499503358956
1213.2810667316996
1021.4899049500393
781.7178173377034
1626.276490743079
2526.2062788021794
1120.9907922782395
1052.7080489140155
779.1215533620194
276.8571887797686
2174.86670024005
2764.23401122883
878.8100766969521
1132.644913326341
1676.965410854189
1227.9898491183626
915.4649547677358
560.8049897805787
950.6114192915206
904.0347263059413
642.7146328206628
822.386416784457
906.6659099609592
1491.6843924359364
1333.7133605117258
1433.8149896596076
1032.481636349369
1189.7012336584046
1037.719682433274
902.8620370972451
1818.8624675794003
1145.2013010556218
543.6397046652864
1133.5947383032785
787.994192978059
2271.262795151372
1132.1101009784895
1111.5068210964414
1017.4613080144026
1493.3343566751325
532.120035685386
608.3655361696703
735.8677738105926
634.5412433479843
981.5889779605264
663.3862713716724
1112.2932935158633
1058.6244566892667
895.4933370953338
690.8698322331151
919.5353822994869
868.438463214473
1345.8753542091629
1002.0610849210285
789.0995742490403
467.91023477445964
608.9386483788936
3263.481342978235
1364.2971631916562
3580.8290748765908
941.9502130476434
941.8148658946122
2400.7174664149734
679.3617140574
2061.112930053967
1830.9365928422649
2198.0125631253372
955.9277871674359
674.8528632439607
1323.2831385687118
973.0612486443279
789.8209558530731
569.8165934669411
849.9137671854029
1241.6270497588473
1603.6575997729576
854.3729515602179
1199.952377586855
1474.4990954335944
1247.8434433146826
588.8582736017579
1947.6889997209287
1201.1898156664301
2643.893540986599
1005.9483085261679
1301.4104333600246
850.6753420461847
637.5051650357906
1065.6387956926944
2515.2330900388483
1010.8376088714058
1736.97061649317
904.083695994547
1160.685053504127
1191.853716960697
132.19511652842823
1086.2516057591697
936.1381515239266
965.1965508855671
2109.5826633071097
2240.274983174032
1146.853709269131
985.9797157464715
1369.4757014198406
495.7072020282561
1500.0511036914368
1456.218884217233
2018.5898615211458
1087.0024079231214
617.7336161151921
769.6519265787737
807.4139242715096
1098.031482207418
877.3546904596681
1437.175802059829
1006.5652656307797
1573.0337210413174
816.2363322279461
1027.995332545583
990.9593606781926
1698.4624715662453
1046.7892226392146
3325.230133118438
903.7480034423037
1307.1156389022633
994.6367149017985
2331.992916478941
615.1130976298401
1338.686047850382
890.3336683864184
2019.2574961676353
258.64160310598584
1017.8519317594803
988.1312834672246
1557.284036347602
2707.3118466934015
913.7389508801202
966.2208549388786
695.1151170270646
1177.940618227834
1784.3536739380809
973.3830423903729
620.5071066266705
1723.8061565115083
1262.4221988199515
1203.3273434350224
2229.093146580956
1825.2722930817818
1665.9176856360932
1217.5660698348015
2511.8798627480473
2267.40823785279
1151.4461194609546
1752.5916224199627
1267.1013973220918
908.2221208041194
462.1598702345148
1635.296452930508
575.0183476784086
577.0917396393623
610.1117146716115
2336.3691256492802
2896.7985909153435
1279.5634481673483
724.4586758836072
1923.5438572618395
1686.1456049061255
1708.6571656042643
722.5144984539396
2520.9667866801055
1526.5602851394494
1636.8656451214013
555.9898153365586
1296.8225636114119
987.3702718478727
882.7335675590182
1349.2708921462356
1081.2553230211217
1954.2608196648662
3939.135855683044
1549.6615683466755
962.406455652271
934.0632688582051
1484.9195987222238
1342.5288775932033
1002.24174268069
644.6905151515583
610.8288675305631
1894.6644063337876
731.9475997513649
932.9103994965544
456.57117798545977
1336.425430645152
1759.1673340633151
512.6142230494534
416.8980167210704
501.7925855173274
1067.377902691237
1066.3446934280873
940.4297087535094
1017.7021952337592
913.028364257081
2168.733249741806
842.6312621589133
2728.8546438403096
123.37348111199955
1348.5380036914748
1257.077229847747
657.7319933320429
1217.607122524556
518.5176613287056
498.207644007646
1279.595979854901
1417.3627900032675
206.06227552337762
540.5399936527173
1170.0004131247483
1541.2326460265044
827.1339353445874
2776.1350076303015
1406.4875611105615
1259.5320959995406
1396.636879290758
819.7529211300214
713.025283488205
1783.6796223523313
1604.5916076535636
1578.29183361625
1727.6192853598377
1651.5367450391518
973.598589915077
394.0152278825318
1033.1383115725223
3254.2992432265314
229.50809915278174
1191.59292308783
2688.9863676601276
1186.9079845316603
1867.493904206484
1053.0037737103771
1046.3242548637393
1232.470788570259
1242.592755880011
1547.233591839972
1187.168222248967
1892.496057133784
1900.7084138445562
1890.406091162935
674.1050053533771
1045.0821992234553
1288.0484904156049
1429.4760820733436
1796.1350999920708
5060.5984646289235
908.2594151324907
1326.5105320435955
1409.7286362169457
1668.414761539872
1972.1197555871286
1039.716001962998
2036.6022083382163
924.0437718575545
1241.2546589452081
1034.3736649300724
2401.2553960596247
1298.4169183394526
807.4113199524876
1153.2748797890883
1748.72424387671
1174.9678747371563
1576.8634616875997
995.4985274090078
1933.2482251335457
1433.0133366756695
989.4421984395694
2922.5215626988697
1366.1583025095576
1452.6118500854757
2114.352530712352
870.1107251398989
252.9693937070655
840.5864513068433
721.4809324247356
666.7660644034474
1337.4577006638383
322.53692826910304
374.1204841869543
1224.7397883955532
1097.375605235853
1349.327738885407
1943.4738794769787
1286.4153883177719
166.07481035712752
805.9151135509414
923.3434602481817
177.04066921619216
209.5957104146473
1029.4150473938178
593.9890842575213
1367.017531550326
1440.153198361406
458.11543681786304
2506.235271851741
1896.0245493864447
1075.8127703418388
2713.516764812754
708.048313735028
342.6713957867316
1029.9231897845575
1389.7548974674507
2356.6054222266794
1733.3874325127244
960.0495564408411
1882.8272750218612
690.1298766099509
693.8057718145196
1302.6381602671256
1604.791124404798
746.7481896436162
1697.03486807488
2118.2887510962405
735.4035810343894
1284.6799960973096
1201.9460982544142
1171.8196819399157
1502.3249424149394
1512.2782198409136
1663.9695050457976
3533.836893182475
1594.6078355065322
1252.940899809662
901.2319188334267
1968.7782532442316
962.1036484892543
1789.554772850208
639.5307866391412
1014.2074257530568
1638.0767259719044
637.3486186856738
918.5333155918631
1129.6657365054123
2022.2022543213766
2667.880793443791
611.0514782527765
1683.6145615365724
2111.611419941893
1027.5494088609255
1438.0323730474763
592.8379065652422
3812.7039443504214
1308.743703496847
1295.0432843733954
1010.7686348273224
1518.0595420669151
1720.1920228331153
1660.7306358989579
3243.5386049679764
935.9878350466922
1328.1274361540948
1438.0755321317342
886.824715875022
1309.0426188665704
882.9565061605798
1300.183239560921
4023.339577224136
2327.020514137073
1023.1701584395425
3430.17041508624
1485.4082234204056
1329.285161312837
3647.279195641036
1325.16206164659
845.5326344414423
619.4973182644162
587.04973356159
950.6129280832183
667.2636123642931
1035.7727769032722
3960.7033142797727
1381.8634117021415
879.8432883433967
853.3056872660603
576.3120970074336
1441.762470508237
2733.863798674207
4222.712921663674
1705.241432162989
1667.61459584308
2468.4178128746335
1259.9392397769357
1097.13892377955
652.2858998422697
1328.8061590154198
1852.5561413574212
1505.4690990737524
1430.1341799883082
1783.0896911494358
879.5169998322926
1651.8301709428101
734.9661015940169
2031.954628967054
509.5704415295842
935.2283740117036
1271.9011482055778
1171.4325746538484
1176.6444067019272
1053.5691638268806
782.6277893017274
1385.4772688612977
300.76863671799094
989.2447710578709
4225.074149207722
1988.6332314179417
2295.515721483449
2103.1242335910442
1792.8618796478147
978.3828494184335
2213.3417234589915
417.3929356331049
970.8667788536468
1018.1616784876132
2017.7137341842988
1560.5471919616016
1213.4077493801285
3539.4690855756485
2284.7295574505947
588.8731152522296
622.1032714990419
1314.7960603437373
575.127300993701
1103.9321778237236
1594.3325571419805
1573.7734021505053
941.6212396341541
1980.2205766752936
1149.1481124425495
866.354710634183
965.4622265512085
1367.1114670347495
929.7584775493817
1100.9454795297336
683.5754985212694
748.4242768268421
-1.4819771496602545
1686.5513724999257
627.4062306407421
942.109993334882
1649.9186316114162
1042.3247155583194
599.215818319445
1700.629514409446
619.3197195027299
2050.052794032084
1958.704407801252
669.4508772474579
1230.9509287295555
2111.4493383815225
996.8738863684785
975.0322311596808
1323.739421415293
559.7243923489817
981.7050481985119
681.4023285737966
1326.5785617154786
780.1343943774773
1105.3434636738943
1012.9869761849444
1696.9089627649391
1737.9723387513345
1609.710524838297
2229.997656034126
1169.2029130928395
1539.9664813288473
2485.883049620708
1108.4165068519949
3606.3679049784637
1648.3791990338818
1881.121604511055
1786.8691687424105
1305.4132234319882
1416.0774101369216
1273.1424550525535
673.0663433778464
1347.9885495237597
993.1278101955176
2045.4302174618074
1094.0601986193324
2226.3008241389443
1066.5016023028809
1425.1715051876904
2423.4034856822973
702.0675980193408
1210.3913262978726
1042.9457726291291
885.6983478776938
2047.1493327417604
955.0775180093217
681.4006341993307
1268.6689883081526
1014.8235701570807
2727.470283230609
2431.660079912127
1569.9259966269922
3084.5842509506856
880.8664038193401
2974.1892614442936
1973.756317859799
351.3593610370877
2052.2576361292663
1180.688936924579
949.3088214329773
921.5414038846733
4157.614895548243
967.4302353521966
986.231665337839
2003.7472919531835
698.1802523931512
1274.5163020104512
961.7488492480388
611.2719161640067
3047.442235389361
1025.0767504545765
1603.4098190360496
-0.8665337953481742
264.64317782190057
143.22469767874952
624.9983126323111
-0.8383036844352146
-0.8284280177485501
665.165219748009
791.1016467764324
1071.682011567842
598.8446064761434
604.3915787739586
989.6727560525741
2003.134311734888
108.64003174777174
3400.4097103412396
971.6634416596436
1610.9577856708845
624.5905629167703
988.8478729937871
702.9790191343666
709.8145366767676
758.7859430404116
1685.3865539218789
3794.2705834350813
3326.1412890488173
1546.5688966374971
2084.680831004392
808.8148894426523
710.2500413051678
1727.005950336498
1559.4653957976273
4820.055579605322
1471.3131828694875
1344.141273830624
1670.9384022042912
1196.7578128612975
623.8087033509207
751.0924464596662
4777.8576104717085
1080.545028657903
813.293308238302
442.84261181862576
2825.845349422776
1847.815850962148
118.39344284869513
1112.6843111156036
3647.2657372753197
653.356841135511
1067.783414992684
3988.5745499727227
672.5843827035605
1332.3626213698124
1035.1781022417192
891.2187261029511
647.4433717073041
616.7509231509398
919.6801159111469
-0.6929349809617733
3157.4983011565287
1333.0030608985533
495.4622508286707
1358.6531235815576
1277.5486289216508
1365.0952129153275
1740.6229377015252
1669.91278728683
1552.0396627629232
1020.8089798401915
2686.787888079111
565.3714101073157
1780.6354744081286
3967.599808609912
1142.4365349627913
1437.1714065004562
1760.6855528493152
967.5910170285907
983.6045818909179
2588.562023069305
1989.541859471999
2204.5846572347505
1524.7120173413239
2331.526560088619
1445.6708541740657
2807.3688114555684
1167.6152751843974
950.5476762400089
1407.695774675955
1906.6536044723089
1024.3138809346628
907.382227145281
538.8973484705566
737.0689632685743
1630.685342583117
1689.158184438773
-0.6393514906898666
1354.6254246111587
744.438992695868
1097.113220070079
928.9696661196793
733.2811808991105
630.4206327542238
888.8704664991537
642.8084383999525
1154.7464018571916
858.523888612428
864.4265220038709
1009.9440515671856
1711.9859501204094
1979.3445981773075
730.6365748976991
2672.4652753437754
1783.762047407028
1662.099077331297
862.9248075271054
2708.7991299306314
2562.216096026187
828.785394050815
1224.9063844310915
661.2767058123826
2963.5808929073673
1661.1114271988667
659.5033521808031
1051.8147673125823
736.5594475074943
1176.222019367259
2387.5513432115604
1836.543786980968
1812.1990660024594
698.5649841058796
4864.34530933313
514.785887356039
1140.9693716351915
672.5169543735076
2550.378388652165
1022.756568884105
1234.11011976114
975.1990628104071
1715.8687599446769
1441.7657828656709
773.2448576081919
420.8013374481672
4656.048777000624
3205.679241649448
1443.6403791016169
755.6046635204403
361.31643006041077
666.6388147402843
1669.2337252606685
3761.7338038640796
2197.7596983281246
117.72687442181126
4480.813905252491
1709.677173499734
1143.794807705108
1003.9073600562073
1365.2390124767653
711.3220973509466
2271.000076280118
2057.6857843567273
1393.7430825878869
1404.4000578526427
1388.8522873298073
2540.6479175646423
907.7921317096835
2126.142720129199
1711.4302613931218
1005.0692207183417
717.719446353024
695.32164157906
707.7082536726953
1676.5114246844623
837.3303901023144
2464.888284461873
1011.213705891055
3312.36575070237
2019.9717963330281
653.8711273499554
4545.297654610638
1634.6268403538359
1778.69750544573
987.727912745545
802.7989631011488
1719.6334731140414
1666.81700484957
2040.644525830746
946.2225580138164
1093.6325547868814
3333.309743275586
1067.6201040222784
1014.9393941131281
568.845438888688
1035.9500382514527
1184.9815189248923
655.7934010277423
733.8793194733856
500.33681750593126
1275.4084059421632
4653.934599166082
803.7061718132553
2641.0292617741293
1176.8326315153743
1339.3374268173886
1160.4577126831484
4296.589968795582
2465.2331616633605
4246.849076451458
3225.1628405158085
1775.265335408769
2513.6251344615553
2311.202913794914
1494.3582182759758
2534.7565294605
2159.0509215071693
1013.2601016040945
811.0022570213604
4586.917572698507
30.58393833465738
2513.264257924289
1560.9623016734488
4331.723722532539
698.8787983167089
1364.7562293451604
1704.796708832578
3616.7217533060116
483.63199453265497
836.6936875750129
1368.0009187759608
729.9005001078274
1531.7825097473335
681.9405382635249
944.3594376366239
3380.622575524199
1743.6450220341205
1024.1873423794718
910.6374066673981
1073.686798167375
808.0601767806287
774.3363879286603
338.84925860404223
2119.375176198325
851.6853352440553
1127.349816882333
3752.6515254590886
1042.6812973403423
2198.2763383996935
11.991583111347374
1072.6077815725018
1383.8569538949253
113.66805933553496
1518.9515814829995
117.365220642392
1866.0331168118323
-2.1955055654768234
-0.9870544821063869
-2.233167845526289
3435.2782515465497
114.37984742297238
720.4730840876656
1195.408045134127
2844.519593778962
1145.1246290096026
2103.0298899283307
989.3062962554975
1169.6438833824004
1128.0993895579593
4726.667766019764
681.4277695604359
2068.3746226295466
848.736280858716
1294.909069704982
1501.7309877058913
1305.1100120882024
665.2946364508208
918.0720116511096
1450.815829982309
655.6322445146825
2391.3209943692377
382.88987518842265
981.410945350725
1076.2039567199017
709.2318358075167
1098.38243062755
1348.0205210013003
669.3441929842367
1114.329738700555
1866.967539310631
811.2540291323681
561.1112578831527
1973.376561708311
1401.7877124626798
1495.9216068368123
670.667375666458
823.5767260078727
1366.351825549228
3683.2370210962827
1147.4547278583052
849.1121635817052
1591.925489590462
3321.786816997788
4751.7374901809535
865.8633266758139
307.3258535250018
910.6170678491493
1951.8358914353582
1789.6340231549646
569.2151504234159
396.0271742161316
768.5039355055164
833.8858684546831
912.951740465777
4555.709090290271
565.5342966675466
677.4626694068573
3074.091111715858
1422.1120584337214
1600.5832776435989
1736.9526317753223
2041.0541507163186
1721.9091676582607
352.5119650445292
1051.065925203614
2674.9457531943326
297.7064525854895
3346.1756903293376
1119.133863531289
2001.670389171735
4408.49987780603
3115.8597922562117
4665.774311717149
2722.433295158798
1288.0867848642383
1586.8681137132837
668.6380236671412
1005.075288893192
1355.4688814740773
1001.3829777482748
607.9467619545692
2129.0876281969818
3428.3960924315234
4352.71057251808
3060.3533957572245
581.7035665651114
938.2214857197316
597.1684847299199
2666.693998656247
2384.2209544879474
1154.283669132983
1032.4913414217617
1012.608019440084
886.5152504506739
2047.9067323595593
754.8171614380849
2639.238691353943
2342.875164432422
2606.8601411418763
5042.929049958284
624.880506363772
1706.835142048274
1161.949167359253
404.41333106229774
636.4708948066246
1369.4983815101884
657.1871770723216
294.06474694951976
488.0512291648643
1720.5308141655548
3669.46412443272
2515.902510097569
2937.7530619792665
2898.511339479459
3739.964271900233
349.40044656389244
680.7307471103646
1156.4090957041462
2659.1012600706504
332.4238539696537
1846.1132524959116
647.7630307983942
1967.9606975898291
1614.9708714020821
1073.0388497360764
2864.5943816368913
1913.1459420496942
960.1742102524927
1022.7963498046726
716.2929719643606
1082.2524182735774
1777.6473830446391
2229.840007810898
4767.026986789222
786.8434134335803
361.79771904326526
1339.4951442926065
1868.9823201539746
-0.6032074399744959
4916.569248500178
675.889748314047
567.3435936367267
1838.10561979389
1022.396891449834
1861.5395647706066
3860.6211853289565
2580.354597201092
992.2410753874997
979.9797201375633
355.72795229201176
1704.017826090238
1548.5115793556636
187.10402454917255
2138.9964742497064
1812.8864408088045
-2.308993382837547
1016.93352777389
1349.0927022362662
4772.656785772846
970.6571172484238
1895.5687792729802
623.6903660273118
2537.9991571743553
1383.3286116783804
1949.456196537294
1088.2611773778112
1674.616998822702
1261.5591365035116
1084.2142607311628
1526.2699237200904
4672.679008263749
1144.6153372300114
1469.4317974103935
1835.658905133264
1940.6864730609113
1307.7419702650104
1104.3943081896705
2077.9147498380107
3488.558829509823
1657.580118600093
1232.2247967020794
1752.7540233991524
1820.2522172523745
898.8386352835988
1767.572465926096
1833.6303281676453
657.8308170783635
1547.0620186708006
995.5861995292536
336.67542391893903
1199.3386506637962
5045.188397663614
700.4869760587619
820.4316588772423
2639.5845143626843
1745.113884723775
818.6523235123179
1650.5306003625506
983.075900399594
1050.0853787102512
3066.6705277060173
639.4657852436045
3260.7806866577403
1890.209093959271
1618.5327596759926
604.7853063786632
627.3097431212425
2899.6702810121405
602.6001658012772
1033.5595387158662
1503.9833151828566
1752.6808808059761
2242.995636961482
3097.083952666672
2291.7540578751446
835.6921335642352
2270.0277170092663
1012.1421228662682
2909.5004676776634
1256.0704692411737
832.22354766608
1433.3396608810847
1066.8257099523125
2037.9414547402366
4830.27956982174
2818.9599449752445
3569.9467365061787
2641.747654914476
2235.283924649013
1654.2587109233855
604.2181970961258
1884.1793647901372
2397.6243724054675
974.826684534905
4419.567854252811
2097.8355203113315
603.336278910451
1434.6505269381755
1011.8125424607505
1262.0673198811066
2063.606156477942
2516.8769058604894
3842.4810240244283
1843.027429788753
1975.0729071449296
604.3492494129988
1702.5597650825418
2017.2949349369508
1762.483897175533
641.2403001556706
1537.3580146769716
1470.6977926770985
1800.7668603176537
1033.3400904917225
779.5293281759122
708.9136661462
1539.6316393649527
1628.6007173070673
1473.1956258290613
697.9915673106648
2043.2073257524505
1100.4920232528098
1554.2381550123687
2220.7905599118444
236.49576023330357
1441.0665295453257
1448.8929116967497
2833.702638995784
1587.9062085904434
2669.601092509053
2045.470287054531
2010.3754169698805
1769.9765002790327
2286.6382540225986
2611.4437602558
1584.4181769430081
657.0747949715367
1105.7822920070703
1338.7546337220135
654.8625451214662
2097.5915099593244
1571.9783442376734
1055.5475469937944
1397.8086061558115
362.3097015143117
2501.1171439919303
2392.364086089089
344.1233421383995
4970.34019270205
4821.894838220994
310.48594993056344
1782.5689263376212
392.65727983385455
1657.795119932106
1885.0818977420731
1559.415684459424
3140.7678993730146
2482.6248121759495
1079.9585713472018
424.8390393049406
1127.9744784715504
1077.5140770773244
3009.7878836010527
2016.356158018196
3989.7459341540994
312.16686684628354
2817.1757610009017
4204.324671204869
2215.0397484653254
2095.1604998134567
3927.980501400024
1566.7538254432304
1662.7848340007122
2145.703670869765
2103.4993541748318
1089.3130028884161
329.3818522185681
1065.362864154106
1528.8068859297475
3855.6899240164876
1070.8849020478438
355.0532126894876
3986.1413094648715
4388.207769594352
1832.786728576753
1796.3904419063156
3204.3017222275666
1371.3162362414419
4104.311861973937
4981.265362694764
1462.413620914812
2921.2935358720842
950.0608768328742
1102.2546129457833
1134.4183345544566
3838.163831141884
1817.58017919249
661.0165410930799
258.2821186832681
3597.619433011127
1934.9064785334947
1439.508070048826
885.059532805943
826.5348288320129
1213.4578884104412
1139.6832236782868
1341.109072777395
1433.246684259994
2013.1976149865632
877.5693052034562
1532.2250497985153
1835.1867370899486
1538.894042612078
4756.812048808704
919.6321223348149
4691.720812993159
462.0640928590792
4799.191501653202
332.75031786902514
1972.434489499933
1868.0899354461255
2698.8109881146725
2333.479872833566
1884.6353421016042
672.0644341459564
2025.4422126493682
818.4387111815294
2128.6943623689003
4784.93841997632
1508.7380877672977
1168.905717072651
4143.468448541695
1702.8288739516292
1859.3650151813454
1416.0536810444116
1428.241435923705
1578.4912457426976
3558.899816858865
1544.5999703774166
2945.0410618074097
4423.431198218396
1275.0859509375284
1716.3168565997526
305.5628662806379
660.2502981211828
2097.267938735552
1478.7247461508869
997.2989638424086
4594.575703323812
421.69080689286193
789.9174023509377
2656.1706534189248
1028.1001203444018
4367.661707548398
1593.0867507880205
2121.575065398418
3127.6944650915675
544.0516071343866
1160.30197717882
837.0415664509305
1604.5320777810173
4830.178989503705
1607.7649336790632
4691.443510724505
1479.2711033727198
3159.5814101103288
1088.0379939437582
1361.249111905527
3148.4685341268632
2636.3541135690552
3487.7258683477708
1463.5419966549875
1499.7656828795677
4893.3713668805985
3186.3295183182413
1716.2026803810907
3748.505907858583
2172.5777928559173
3431.3525407251404
3819.9795980537447
1522.8917795202574
2739.8010465044845
1185.2301854961418
3750.235732558971
669.1417780376794
1682.7311839732083
993.7634842017412
2032.6381969124338
1171.4699462084773
803.3960211140351
1445.9581451782249
1421.7336800928736
303.1626152463877
304.71241164778286
4898.051181041447
1047.18213761981
1745.4033833058238
1145.9203834999157
282.9183143430596
806.9585639242705
1502.2944037414518
1485.727144701031
681.9615882423876
1590.1356034907612
1900.9663810589327
328.34992076038833
1220.4945963921093
1778.7019232830448
788.5189840343918
1504.9209797932565
2502.130941509988
791.9588175050194
969.616664755746
2358.192092311849
1578.5908839790563
1082.3220382035388
1061.6183198511396
311.4651270972329
921.5772745591312
3544.9378004169
971.2613345685326
891.4222664271635
2097.130347102325
1531.2955672243281
699.3785347648472
2822.0180123331756
1379.3957773415898
1039.8801793826713
2266.54697685429
1411.913111527354
3573.07695220715
201.53724700856148
388.4273144780337
4755.693002940272
1195.449109007679
367.6716946514862
3021.590428873413
1224.967203842245
2168.4280059425023
1840.613416381506
1106.6315555542126
787.4959460968323
1108.123452040012
1273.4106298663835
1814.7718848683735
1972.7180034516025
299.825757062443
1063.981667136396
1614.1407934199954
579.9470466725509
1799.2129167300986
1113.418206370004
2864.3230090408047
1440.8246779477931
1134.520009827861
618.4309944905053
1913.0210444109357
1115.1681150199672
1696.0219252686297
2339.7310407792747
595.9951116469853
276.8629515215403
366.0023572272135
185.96458379782763
3010.9496339125603
653.0303910053633
1986.0738039289668
1618.6306865964445
1401.210325577932
1396.861780068615
2100.9286970475923
1522.0877519734065
3208.7912180883814
3455.4511377212953
761.6095397846723
1172.7717380613815
1167.8014558865789
2602.542311867641
3925.185507844378
1980.7991225626467
2672.028978934184
968.3786356409894
1314.870805649359
1793.6272589694574
848.4250693386098
884.903536994915
433.2791369096434
2585.697835125413
3236.5738372445526
902.8422883738792
889.0137908310057
455.5447791559197
777.9809263316788
1469.1417301223346
1610.7475463193969
2050.961888572193
1468.8490249240804
1554.3012554619206
2372.2594938817283
2328.06107842054
2390.907610908258
1729.0159154189698
1532.6849979294964
2951.168153527225
4703.75797178314
2056.188684903144
1321.764033401621
1641.6645146402725
1490.520684106477
976.0871212410656
1597.9407906616864
362.01273505018224
4767.446278925327
2353.120056590995
1009.4276966969007
1973.9616975567717
3064.571412292742
1511.2470146171374
1926.3488318391783
1790.9178332281351
1920.4347472964464
1904.3195411671786
869.881975948114
2245.383348927453
1064.3653340062745
3964.1485538217185
868.1140970662013
955.8702692789689
388.85491958904134
1577.11215319003
2085.4208013894768
561.115949986746
4088.048575568778
953.5217371872361
1358.5152426851062
3170.5138222471573
3482.527337471469
916.0454749537456
262.77769215894165
4876.570787142439
4738.349543281673
2702.6805794553175
2066.718410152126
1392.8749058514134
1492.148754560232
1524.856826948493
1367.6800855377621
3055.276076029052
334.547951871146
1319.3427695980047
2290.3641461090174
497.65015071999153
1287.898306682251
1547.5012312383046
4776.342443848539
1177.6700876182642
4707.436775452573
1996.5084754636828
1463.5604914560217
3942.657389340699
518.2402707731213
1183.9623753033925
1620.2660926916608
1372.6474164365347
2289.5921861964684
1386.374678931869
1788.9043964433515
1863.165610583295
1444.4450251379114
118.11519241039946
1534.002992239177
138.50876711662258
556.8486955488809
304.6145987023906
2227.9795983994823
246.63043781727123
1093.7664124095368
2246.6274458836374
1396.091094789805
3864.614058494564
1486.2437622261625
620.2020359203902
2137.2525726278127
4913.708693159792
1866.7188522835788
2253.7697937854655
600.8946999852363
481.82316477415606
2691.920360487459
429.5988399324045
600.4926398674274
2367.2321450765094
1650.9602232167365
1860.7497598721236
3743.1426108017367
1002.0379873498265
722.3931657211671
3880.217720117926
3014.2791406887472
1493.6268245585916
2112.6000425853954
1726.7471778230884
1113.2571863927012
1489.0535530257127
1295.4828379331539
1708.1247870962748
1433.7250424276679
1158.298171842252
1191.213837459692
379.48852489532294
3463.1291213668164
651.5780147387516
1490.8793292756022
1125.1796590937897
641.8822937725696
1619.6587840278103
1062.773887564715
989.6083501466601
1629.0113890260798
1642.4772888172129
1311.070226322391
1429.325209625368
1828.6255074960086
1610.470717432044
2833.892813865175
2088.448399194348
1162.4204459645728
3094.3886083585876
1634.2840964256918
2671.4483839761147
2284.4620069278894
934.3844697071022
1853.298532014477
872.4626565000369
1122.0836136408584
2220.7247537975322
342.82972636790817
1890.61544417899
1351.1087745102004
1516.4874032582607
1857.940063353091
2480.693190019533
1334.0789014990276
1797.0359811718233
1480.6953856216562
3136.2794768284457
1066.382300600718
1742.7749839066212
747.0423886201862
1928.7818266108275
765.176582104629
1202.3119283672288
1244.8802651433866
3450.1634039286214
2918.106827134785
1080.4907628583458
1079.728875583765
1489.7277035218208
985.717036643892
2788.0671421408056
1615.9208621616988
1423.524501542753
113.89882599512286
1436.1370338338525
1452.581576156139
3802.054496092151
1611.8170463759188
2070.098431851132
982.7523619939928
2004.0725551869482
1174.3464861813595
3237.908243203102
2376.881020951318
1503.4640323070348
1328.5684193164088
1269.6518357558925
640.3493111693073
393.46856723588076
4698.695444885829
2194.3456071930696
1095.5142237709529
393.4573624967285
614.4834806665541
1641.7275161932396
2531.0130341655636
1960.2328647905088
1246.886901104614
4944.88645405662
4854.041153297337
1502.1075699666953
2156.2224694111997
1174.8718060125984
1678.933064379789
1261.1392004723846
1118.8478042988197
1491.9228446466732
1780.5497008823352
1707.0039976274552
119.41414756263772
1790.8665832935023
1189.506548770268
996.115926434903
3105.9160118741543
1571.2838826664931
1381.4064465085673
3968.388483027549
1687.9147945229931
398.12400234452065
1357.288549417375
2282.3917394915834
241.65011571381027
1042.511571422108
2103.487564014869
720.9653290391226
289.00577385235783
1305.692690751796
1654.464796707207
2005.8705599438056
5006.2069877869035
2721.3221749259574
1715.3373378710633
3288.0164088642496
1233.8854641895437
781.5012496426621
620.0524546949272
755.2272370349394
4937.470638518016
1346.7965892988907
2358.8285922909613
1539.7761001693248
3019.4912508016455
978.3883238918625
837.1691294801869
1414.5625233643818
1220.2942980344346
396.8462918054461
3361.253671132001
1109.479059815637
1851.2442877581764
1560.2422240852106
2631.98262479307
1613.6188581284944
1148.7678311145044
1722.0286606113573
1425.364374174631
1292.9512327802845
643.1571162140018
619.1056890539351
4065.100223374158
556.2892964833779
4314.889110010386
1361.5269812355484
1811.3556912527101
1498.1614354769993
631.2090149086056
1108.5087509684663
2247.6206885466736
4711.531896330955
1578.0726724026683
3562.9060790053095
472.9559027874594
1193.378519964308
1798.4557635241595
482.4535481336653
737.3534732245748
1048.8877628747703
1875.0469859956481
3049.257153015831
268.65009534439463
1477.519281299781
3071.8486487384957
296.5211892066452
2808.568979135391
1239.391340692942
1678.0784945973626
1234.098116156896
3563.6561931618485
1893.504101158549
1618.8883359822667
897.5377898897602
1843.6054317095097
1016.3357724037406
1099.051183372278
14.702106773238375
1914.3321644759862
690.104907998387
467.7797959577966
652.1916202800581
1880.1968464209551
881.4980059064126
2097.9372512023524
2147.0732313633894
1388.4840118073505
2056.28798844172
1178.5435745386374
2801.490960006384
1409.423818514234
2199.1392304596015
4863.223654662243
1629.4273497826266
1931.40676787623
1141.6216243742335
2315.0721956692705
1257.6841357319704
2063.2473924672327
4470.694309688934
2354.5659481004996
2869.1908979250784
566.5243147826227
2272.28544147309
2455.628695123332
1055.2422012229563
3272.1392694163574
1524.809703602858
2203.4036008432304
3508.2554659089906
1415.4157410503128
685.6824006499979
1172.8054583148069
2024.0522598694815
2710.2028462849316
1006.4694149549862
2353.3340074171847
1710.3164398456074
2968.6206268863884
3425.565010696339
1490.8283308527884
1338.8980760141142
1479.1214692310539
649.1026726922001
1498.4935200117643
1561.1371970879625
1615.0846851573656
1205.8921880320092
3536.1011376804836
2101.144934944854
1361.0901708849728
2565.9769915970437
1250.2155272839511
2039.0995830466068
1610.5700071611618
415.8793569972998
1521.5985091664545
1895.1801571069543
1217.4676450391132
2986.1160687075026
2765.886463083327
1239.2274595660376
2292.470695934481
1233.9058840229725
1491.7945825873962
1246.1194270110989
1417.0294764935343
1213.042965696886
1275.2480706441145
2160.213765643371
1197.8394145209047
1217.8741605704945
2701.56826772606
1616.8083192595793
1395.3047751585834
1064.9570361911317
1914.6898595834894
2962.0774032011363
311.18609542900134
2229.4797511411048
1793.7799830691404
2527.6467116111853
325.5417713174636
2639.6236696708397
2812.1813827986093
1143.6427525275108
2824.8479446023366
1871.21766242115
1516.391760775881
277.58409353757685
4749.629070406238
2340.4700743310714
763.2831451310005
1160.4004005813692
4462.975989460316
898.0511340434292
1155.9378109913557
1674.6278085949725
1213.5717591472896
1666.2993807189534
3930.419662271334
1025.2340620139678
3503.3144819561617
1225.7232066592553
739.4809791735979
1908.3215098956275
1048.9519518114512
139.75142354146124
129.86916168952934
120.58871309721644
177.60302371663835
2310.2894240495766
2282.247140905172
1274.7219703152903
3265.7940727489586
2511.333645080525
1201.0943265202243
1944.0763844145997
1429.9642651375525
1070.7412906632685
1175.0275047669668
1625.0346731646196
639.096028720783
1287.2672569242459
1568.497132348609
1812.974939861821
2452.0817645919506
1577.9267303306808
1478.6149647789546
1484.6371889520312
282.84065271872146
1184.6965903638472
731.3861853627927
298.78471343148465
514.621220225851
3092.2867569006053
462.83899562972675
1560.091400130065
1784.8137463911019
2587.3108631243263
3504.104454734129
1615.9264078904844
1822.0732225980253
1981.878178631091
2139.4465035414764
2641.2925431585445
1358.7881857837835
1733.9791489572565
2126.9335775569207
983.9660098820203
1655.9575659923614
3483.2887465509034
1932.2374399401292
2055.5599281653836
1765.7890926664822
2801.3435566928297
3799.1977817828065
1314.7781825805016
2385.058723414912
1646.5163871156449
1721.1190083054491
1521.5513408072188
1802.8671276835976
1952.05433491527
2131.4168429544675
260.8332240186558
116.04722958642174
2259.7854815488545
1024.5472525151454
1730.7884336802983
1866.107086870641
1815.4354137906028
1607.0534380690433
3596.8960344503816
3310.732708570796
2251.087457213079
2372.9008361694328
2382.2666591279185
2737.543716791625
1613.9208092178294
3102.1628884766847
1731.3315999059273
3784.541529007715
1623.6468926090809
1333.6107679429965
3585.740036086146
1661.861184960852
929.023466309351
2395.9011856269026
2297.6819843968474
1914.5446919501412
2099.125547984593
1094.353482294206
2378.8342696067007
1443.5945697611328
1748.2448689157209
1217.309349162502
1095.550954057805
1978.8202557815878
2211.088233424669
1500.0039301581355
2233.5352102345823
1236.711871271667
1980.9691931765587
2280.8829878214947
2320.8412780760486
3657.497583922054
1087.6349567782293
2552.3520073296972
1232.9457303510912
2107.796031883943
300.54940920707816
2390.7450749289683
1882.2483525594146
1936.5112637767475
1958.7360735171956
888.6510152978706
112.88116933590481
1163.7218080489074
3511.478524851192
2028.3997015567963
967.3874170373955
1779.989569378142
1195.1549601898153
1638.2304568269371
1544.3378837931602
2822.9471239607615
1299.7978145622874
1194.4420189115165
2142.390913237796
2753.4551363472942
4898.253728437698
2245.218448612471
1949.285606461475
1384.3853179374712
1465.9032895051162
2796.7711187402256
1648.6622401457898
1201.6054914356207
1707.4790423097306
107.29379965482724
176.46993212507468
104.45002204847138
1174.0159286654734
828.2415090255096
1747.5291468638484
3293.2772276067485
135.22198721331299
109.42955797453948
115.9333675870666
104.44816066654478
168.61309424767575
98.0431996994245
2750.3105224250207
4826.928253850623
1556.3392389873184
5131.293726552694
1178.4643352294174
1313.4936769093904
1134.353222385465
781.0519712217085
1294.4339797653747
3438.2747814402996
1737.8396709031315
1988.4675604166837
3167.2049968388687
1710.7558349285266
2899.997355002812
1567.0381292689224
2950.684689761402
3510.846185610812
1960.079951914032
1578.1047585390274
2117.872575530245
1749.9660568182358
1077.0467405359357
2186.7067678619183
3071.1635447174904
2599.181103997816
3651.304566068915
3490.1201138599613
4741.5432990000545
3617.5213968960675
2135.154047222932
3507.7984716526835
5079.124429195056
2000.8867633402372
5031.996872984745
1653.263044801107
2849.4731571351927
2939.580468463017
4038.8172734849954
1217.902983669045
1241.4071197041883
1195.428368474609
1952.1170243677911
1720.0274751642537
1174.9247395394375
1541.5457372342917
1356.5892280169044
1233.279631908715
1819.9407469425128
1331.8192896875394
2302.346562589985
2194.588463872673
1459.0717062422534
1623.5485368953834
1221.278525580654
1049.0724057082248
2213.052351465393
2945.070982724497
2073.308224813239
2827.8368214189722
1236.4365950934118
3368.088765360563
1979.842571960408
1538.2583523277833
974.5002664002095
1651.7733890851518
1330.5090671823832
1208.5045187775754
1475.7544662903392
696.2327445761638
5136.959405016967
2864.4557363978947
3313.6397031829006
2937.992370720766
1795.0939869394738
1999.394272137215
3319.8473623218565
2999.0198386737247
1613.4298358933725
1826.2325926930991
1535.001812637573
1057.3590284325498
4177.39922757753
3132.3306325709495
1943.3612753672242
365.39535022616826
2083.0577864402735
231.84695388884285
3724.9609631645376
2395.064607348289
1360.5664467410272
2624.369089481033
1853.990301176072
1130.3036665465333
2958.3092775550513
1566.78489470648
2837.885435787136
3417.1507241323216
2445.620302138903
2045.3901955389847
1598.7247432646748
788.5840969282888
2060.927694058211
4119.020668283658
193.70950150926834
892.5744959254209
2594.725047337714
554.4989564192724
1401.7139505390971
823.9224887478721
186.527939245249
973.3093737439563
2448.8447021023326
1634.0416416670046
4397.65556440063
