-inf
-763.1746272600085
-523.7076151069929
-432.396951547094
-372.49396443019253
-270.2618016030794
-165.000033992902
-83.11701889592473
-4.785482117156901
95.0582913932963
181.9388647975745
261.56345645649293
333.49922421696783
371.52359397436123
396.9264287892802
441.0541596437705
406.8721378914987
456.728238173716
496.3500734248911
537.2927338896066
570.0042941780694
600.0594499285189
633.0734491153809
657.6746341012763
686.2099531678856
716.6516782880007
735.536284822232
752.2921535912263
766.6469022325027
779.7627180360439
796.0221786700678
814.3118447609963
822.902352717087
838.6626815542065
855.7524435467824
866.8055159263004
883.2781468762304
902.0722082369331
917.3343432133852
928.6559908440307
939.6402775572305
963.0875254568481
995.111317486567
1002.0093258976981
1011.6206948293479
1022.4374878386715
1052.9176020100715
1072.5720321467663
1091.8973434395027
1137.2184217269894
1183.0683706278971
1194.1709197025575
1201.2043740480638
1231.8375955033503
1260.1342008055512
1298.5278508675565
1300.9179903075062
1332.7229535643057
1337.320085069494
1354.68758119063
1398.0735674679943
1418.7646836996803
1435.4021509693962
1436.551915924705
1410.6951931278265
1425.5846000607016
1430.6400760594302
1443.9213492611611
1455.0366201436086
1475.385402371933
1478.9886144373997
1479.501446137738
1514.791967134754
1552.350185822513
1557.410253448516
1590.4203319024762
1626.59355863597
1625.915671136517
1631.620901658211
1666.3342983154444
1702.297303994307
1731.582434815627
1729.5365812937341
1765.423815375322
1782.3080788867533
1817.1619788207408
1820.6636461974351
1815.0637482499048
1817.4813625834652
1837.093903140212
1831.6009410609954
1845.5343416598942
1872.5663605679463
1893.5561063269226
1918.3099699851086
1938.739937608744
1960.3437808050269
1968.6285760152807
2000.5149579729148
2031.3590346980789
