-377.79460246487696
-385.38002479513244
-284.240602953978
-249.77562442729436
-192.7850030794871
138.66684970537602
361.30880405798126
408.1810716859387
543.535275334219
893.8084794769217
963.8640254360791
1057.809373045668
1124.7926695821893
827.8160310630893
727.163281383224
1058.8423916066345
-105.85818839258839
1254.425842689201
1169.9212726948604
1274.260622254491
1191.5239396588627
1201.1625649375046
1326.367432039469
1198.9007037909557
1342.5222916999014
1447.2530811708164
1207.6514481780325
1187.944741585103
1154.2251155469628
1147.0055605352359
1267.5465370567456
1363.001827488843
1089.208099355864
1342.9932043420613
1419.7145893017891
1242.6099768298811
1459.8202301238289
1578.65841722226
1482.0333373420626
1358.8786008085776
1368.0274593720062
1900.9774414416493
2308.0867907049983
1291.7256791651632
1424.9095588901682
1498.3763802489348
2424.5227397229132
1976.675818434631
2000.1869741981118
3312.6301795263453
3429.7158667722942
1749.2983734355912
1559.9105456689852
2824.7651111783175
2759.854281822184
3371.784954216013
1432.3756595046025
3113.800895944836
1599.3565808652415
2362.0023562165034
3957.846757832495
2660.23165760081
2450.2876544222913
1507.8373431541033
-218.2783430756178
2378.5066437645155
1759.246015976975
2320.4853805753996
2199.75976926761
2859.1025938982334
1727.610246954787
1515.39966516155
4020.4189579227746
4256.541931341019
1926.7951901466142
4033.1661374954565
4339.585563648155
1574.3962211781413
2070.923651828697
4373.979237579617
4543.37475262474
4074.392900521353
1563.8224460205333
4708.177010065532
3183.701950335316
4744.889573275412
2118.3053732167796
1333.4725247620295
2027.8138096034697
3562.997472134055
1342.7273160105617
3099.540395561185
4332.480081200793
3824.612716152866
4220.419290196335
3859.156894230317
4012.708884452087
2763.9689161992264
5093.494007863486
5054.078553763967
